{"timestamp": "2020-10-15T23:46:36.796000", "type": "vio", "user": "elahe", "pose": [[-0.9339203122543615, 0.3222756598005553, -0.15469728329493235, 1.662], [-0.04877672671635258, 0.3138154330796968, 0.9482303016102368, 1.263], [0.3541379410477703, 0.8931171664799188, -0.27735905546660417, -1.417], [0.0, 0.0, 0.0, 1.0]]},
{"timestamp": "2020-10-15T23:46:36.811000", "type": "vio", "user": "john", "pose": [[0.806275784473059, 0.5243155394424303, 0.2738842355294412, 0.079], [-0.44482960370046254, 0.23220402550318786, 0.8649901237654706, 1.38], [0.3899307413426678, -0.8192524065508188, 0.42045155644455556, -0.012], [0.0, 0.0, 0.0, 1.0]]},
{"timestamp": "2020-10-15T23:46:36.914000", "type": "vio", "user": "elahe", "pose": [[-0.9317613947556734, 0.32720868963807825, -0.15733777889716433, 1.661], [-0.05139583508237486, 0.31011805530569236, 0.949307779336923, 1.263], [0.35941504055777423, 0.8926148470638088, -0.27213886790039055, -1.418], [0.0, 0.0, 0.0, 1.0]]},
{"timestamp": "2020-10-15T23:46:36.933000", "type": "vio", "user": "john", "pose": [[0.8103940057046617, 0.5175400346440188, 0.27461585543923095, 0.077], [-0.44463557772701634, 0.23804761352316867, 0.8635001660192583, 1.379], [0.38152425681379043, -0.8218793380032083, 0.42302907137227913, -0.01], [0.0, 0.0, 0.0, 1.0]]},
{"timestamp": "2020-10-15T23:46:37.034000", "type": "vio", "user": "elahe", "pose": [[-0.9307926676989159, 0.3297897207931671, -0.15768243344488286, 1.661], [-0.05094650616852303, 0.31011437990110385, 0.9493332001398529, 1.263], [0.3619799210828629, 0.8916657509614903, -0.271850556915239, -1.419], [0.0, 0.0, 0.0, 1.0]]},
{"timestamp": "2020-10-15T23:46:37.056000", "type": "vio", "user": "john", "pose": [[0.8134714507731604, 0.5096237506525509, 0.2802638605811253, 0.074], [-0.44744290054624264, 0.24051676030730396, 0.8613631863285337, 1.381], [0.3715629819125892, -0.8260964355219708, 0.4236810471216754, -0.009], [0.0, 0.0, 0.0, 1.0]]},
{"timestamp": "2020-10-15T23:46:37.155000", "type": "vio", "user": "elahe", "pose": [[-0.9290376264399199, 0.33406141924747124, -0.15903476610240008, 1.661], [-0.05243218699806576, 0.3066281821254909, 0.9503841453291488, 1.263], [0.36625121764368196, 0.8912811711781989, -0.26735354771863096, -1.421], [0.0, 0.0, 0.0, 1.0]]},
{"timestamp": "2020-10-15T23:46:37.177000", "type": "vio", "user": "john", "pose": [[0.8176251038154037, 0.4993465883506608, 0.2866045608733502, 0.069], [-0.45000350220638996, 0.2437295496162582, 0.859123247646017, 1.384], [0.35914626214515144, -0.8314137906881335, 0.4239871118804847, -0.01], [0.0, 0.0, 0.0, 1.0]]},
{"timestamp": "2020-10-15T23:46:37.276000", "type": "vio", "user": "elahe", "pose": [[-0.9294321789264094, 0.3327762540281631, -0.15942330297384394, 1.66], [-0.05482300071167545, 0.30271796060996203, 0.9515021150355435, 1.263], [0.3648976066913487, 0.8930967478829651, -0.2631120209184612, -1.422], [0.0, 0.0, 0.0, 1.0]]},
{"timestamp": "2020-10-15T23:46:37.306000", "type": "vio", "user": "john", "pose": [[0.8210979901055661, 0.49771243725956593, 0.2794287394699096, 0.065], [-0.44419927302116324, 0.2497574403303212, 0.8604116612686722, 1.385], [0.35844817825185, -0.8306043286648516, 0.4261588350734281, -0.008], [0.0, 0.0, 0.0, 1.0]]},
{"timestamp": "2020-10-15T23:46:37.394000", "type": "vio", "user": "elahe", "pose": [[-0.9286776553477246, 0.33418400536423765, -0.16086908657839694, 1.66], [-0.05623642677715393, 0.30184846028362416, 0.9516958397133733, 1.263], [0.36659961369481886, 0.8928653636372733, -0.2615266060187548, -1.422], [0.0, 0.0, 0.0, 1.0]]},
{"timestamp": "2020-10-15T23:46:37.457000", "type": "vio", "user": "john", "pose": [[0.8295442503973688, 0.49615626843141747, 0.256291423830136, 0.059], [-0.42342027131046744, 0.2595943338698229, 0.8679435786190557, 1.385], [0.36410384573090876, -0.8285165895254565, 0.4254276088890665, -0.006], [0.0, 0.0, 0.0, 1.0]]},
{"timestamp": "2020-10-15T23:46:37.512000", "type": "vio", "user": "elahe", "pose": [[-0.9273747317089751, 0.3379822115677793, -0.16044977921910447, 1.661], [-0.05367120091411384, 0.3042397729510666, 0.9510823112365829, 1.264], [0.37026410733440435, 0.8906212355532719, -0.26400436663324406, -1.424], [0.0, 0.0, 0.0, 1.0]]},
{"timestamp": "2020-10-15T23:46:37.580000", "type": "vio", "user": "john", "pose": [[0.8394150214394762, 0.48741343673903864, 0.24043827371698293, 0.052], [-0.411059688382265, 0.2799597422060551, 0.8675554595131048, 1.388], [0.35554515095672284, -0.8270735665164002, 0.43535842842536404, -0.002], [0.0, 0.0, 0.0, 1.0]]},
{"timestamp": "2020-10-15T23:46:37.635000", "type": "vio", "user": "elahe", "pose": [[-0.9266434394885353, 0.34130955296846327, -0.1576062343478978, 1.663], [-0.051034475863896034, 0.30114519652292143, 0.9522116639090639, 1.263], [0.3724612977560946, 0.8904040429286237, -0.26163566654836473, -1.425], [0.0, 0.0, 0.0, 1.0]]},
{"timestamp": "2020-10-15T23:46:37.705000", "type": "vio", "user": "john", "pose": [[0.8487281485712113, 0.4738783091592707, 0.23473363187075338, 0.045], [-0.4042978185830041, 0.29531699012665985, 0.8656391564800857, 1.393], [0.34088679016927015, -0.8295946139234999, 0.44223180893871833, 0.001], [0.0, 0.0, 0.0, 1.0]]},
{"timestamp": "2020-10-15T23:46:37.751000", "type": "vio", "user": "elahe", "pose": [[-0.9282964561971577, 0.339593452059723, -0.15146609102356545, 1.663], [-0.046267314265155596, 0.2986868141752115, 0.953228998021227, 1.262], [0.36895125022486064, 0.8918870300413744, -0.2615578341428316, -1.427], [0.0, 0.0, 0.0, 1.0]]},
{"timestamp": "2020-10-15T23:46:37.828000", "type": "vio", "user": "john", "pose": [[0.858890125946699, 0.45663423887297594, 0.23193301498527857, 0.034], [-0.3929513023420369, 0.29709509065723744, 0.8702435182723655, 1.397], [0.32847682648698456, -0.8385819453078308, 0.4346070586918413, 0.007], [0.0, 0.0, 0.0, 1.0]]},
{"timestamp": "2020-10-15T23:46:37.872000", "type": "vio", "user": "elahe", "pose": [[-0.938827160740631, 0.31845860437965534, -0.1311017908048826, 1.66], [-0.03418482193905903, 0.2926260740231338, 0.9556157066262577, 1.258], [0.34268784659611123, 0.9016396719856382, -0.2638388555481366, -1.431], [0.0, 0.0, 0.0, 1.0]]},
{"timestamp": "2020-10-15T23:46:37.954000", "type": "vio", "user": "john", "pose": [[0.8673528943598451, 0.44798681738047497, 0.2168104427810442, 0.025], [-0.37300366106011573, 0.29672006254936734, 0.8791049273644472, 1.4], [0.32949541041014485, -0.8433652921089488, 0.4244617280564146, 0.017], [0.0, 0.0, 0.0, 1.0]]},
{"timestamp": "2020-10-15T23:46:37.992000", "type": "vio", "user": "elahe", "pose": [[-0.9568676662483693, 0.2659453946414555, -0.11695005924496422, 1.65], [-0.038156756675682565, 0.284020858227051, 0.9580585650219734, 1.25], [0.2880075193608544, 0.9211976981956537, -0.26162276206522467, -1.438], [0.0, 0.0, 0.0, 1.0]]},
{"timestamp": "2020-10-15T23:46:38.105000", "type": "vio", "user": "john", "pose": [[0.8739445796169236, 0.43571073556162915, 0.2153532601901882, 0.014], [-0.36709978529076753, 0.3013759591662441, 0.8800058402511308, 1.408], [0.318525696604954, -0.8481324696961969, 0.42333520341374675, 0.031], [0.0, 0.0, 0.0, 1.0]]},
{"timestamp": "2020-10-15T23:46:38.108000", "type": "vio", "user": "elahe", "pose": [[-0.9759090341122079, 0.20217418468074472, -0.082019242783956, 1.639], [-0.02953892290391104, 0.2500312382856429, 0.9677870798450581, 1.229], [0.2161689366487567, 0.9468949144070973, -0.23803573659877553, -1.443], [0.0, 0.0, 0.0, 1.0]]},
{"timestamp": "2020-10-15T23:46:38.226000", "type": "vio", "user": "john", "pose": [[0.8638603053946123, 0.43960198587427535, 0.24595826227008732, 0.006], [-0.38959743982479234, 0.27355927698829724, 0.8794197842075238, 1.428], [0.319310519158851, -0.8555205526397562, 0.40758480880115194, 0.043], [0.0, 0.0, 0.0, 1.0]]},
{"timestamp": "2020-10-15T23:46:38.232000", "type": "vio", "user": "elahe", "pose": [[-0.9950690207127125, 0.09055125589003077, -0.040473621960254225, 1.619], [-0.02714438111310958, 0.14386322031339507, 0.9892252303773119, 1.187], [0.09539825256171972, 0.9854460126753761, -0.14069587595367758, -1.448], [0.0, 0.0, 0.0, 1.0]]},
{"timestamp": "2020-10-15T23:46:38.349000", "type": "vio", "user": "john", "pose": [[0.8616882980626168, 0.4537307288393187, 0.22720409919033388, 0.008], [-0.3829021875871192, 0.2875778265618022, 0.8778866147806265, 1.449], [0.33298527253160765, -0.84346156959101, 0.421536936578659, 0.046], [0.0, 0.0, 0.0, 1.0]]},
{"timestamp": "2020-10-15T23:46:38.350000", "type": "vio", "user": "elahe", "pose": [[-0.9997560868330878, 0.01313132524821164, -0.017757678266537114, 1.593], [-0.016118261898764044, 0.1158627528599818, 0.9931344441378872, 1.174], [0.015098624889539326, 0.9931784284794617, -0.115622838269576, -1.458], [0.0, 0.0, 0.0, 1.0]]},
{"timestamp": "2020-10-15T23:46:38.468000", "type": "vio", "user": "john", "pose": [[0.8295443747743281, 0.49440132987794455, 0.25966026899622024, 0.031], [-0.44747152154800357, 0.31029385141494586, 0.8387412969310587, 1.486], [0.3341038276999893, -0.8119637004133865, 0.47863303430416965, 0.051], [0.0, 0.0, 0.0, 1.0]]},
{"timestamp": "2020-10-15T23:46:38.469000", "type": "vio", "user": "elahe", "pose": [[-0.9999739917033532, -0.0069462158428538695, 0.0019406190574793357, 1.58], [0.0008802808095782549, 0.1495126945495613, 0.9887594142531466, 1.18], [-0.007158283492434085, 0.9887354065947036, -0.14950269135854344, -1.464], [0.0, 0.0, 0.0, 1.0]]},
{"timestamp": "2020-10-15T23:46:38.586000", "type": "vio", "user": "john", "pose": [[0.7887523511347945, 0.5245662962514838, 0.3204682970534444, 0.062], [-0.5205824914579186, 0.2927766539439569, 0.8020446998097094, 1.5], [0.32689998190088687, -0.799444827203467, 0.5040083035931241, 0.05], [0.0, 0.0, 0.0, 1.0]]},
{"timestamp": "2020-10-15T23:46:38.587000", "type": "vio", "user": "elahe", "pose": [[-0.9966736565190536, -0.06041791187988382, 0.054692763004024, 1.541], [0.03473470211834506, 0.2921744971004441, 0.9557340444458661, 1.216], [-0.07372328580366977, 0.9544546815685789, -0.289104026194955, -1.483], [0.0, 0.0, 0.0, 1.0]]},
{"timestamp": "2020-10-15T23:46:38.707000", "type": "vio", "user": "elahe", "pose": [[-0.9892332518640722, -0.12870275791624108, 0.06966472214246483, 1.501], [0.0161811358809235, 0.3769152196118487, 0.9261064129281015, 1.246], [-0.1454501435132894, 0.917262512768131, -0.3707745115595976, -1.504], [0.0, 0.0, 0.0, 1.0]]},
{"timestamp": "2020-10-15T23:46:38.739000", "type": "vio", "user": "john", "pose": [[0.7700527480006807, 0.5689977879870682, 0.2885485792070784, 0.102], [-0.5203535217047512, 0.29848161827262815, 0.8000880801529392, 1.497], [0.36912190092984615, -0.7662572941376652, 0.5259265931998118, 0.033], [0.0, 0.0, 0.0, 1.0]]},
{"timestamp": "2020-10-15T23:46:38.824000", "type": "vio", "user": "elahe", "pose": [[-0.9725871764791775, -0.21495814068849095, 0.0886971358049879, 1.444], [-0.00911293863267916, 0.41636988609826797, 0.9091496424131688, 1.267], [-0.2323599330731066, 0.8834189921561922, -0.4069149122359601, -1.542], [0.0, 0.0, 0.0, 1.0]]},
{"timestamp": "2020-10-15T23:46:38.860000", "type": "vio", "user": "john", "pose": [[0.7584629368813243, 0.6187807777211752, 0.20455884850119374, 0.171], [-0.4929869247750044, 0.33944642553914073, 0.8010867719476994, 1.489], [0.42626032583181017, -0.708439463406351, 0.5625083655469321, -0.009], [0.0, 0.0, 0.0, 1.0]]},
{"timestamp": "2020-10-15T23:46:38.945000", "type": "vio", "user": "elahe", "pose": [[-0.9190426863653998, -0.373438706090796, 0.12611135330136425, 1.305], [-0.022764995020657264, 0.3697071986497782, 0.9288693892406203, 1.258], [-0.393500057992345, 0.850799694440334, -0.34827802730039636, -1.642], [0.0, 0.0, 0.0, 1.0]]},
{"timestamp": "2020-10-15T23:46:38.982000", "type": "vio", "user": "john", "pose": [[0.760682991417605, 0.6261728039489817, 0.1710818697660093, 0.217], [-0.48732641701518264, 0.37678333203327335, 0.7877482364188753, 1.488], [0.42880572506335296, -0.6825993995723802, 0.5917632211081708, -0.04], [0.0, 0.0, 0.0, 1.0]]},
{"timestamp": "2020-10-15T23:46:39.062000", "type": "vio", "user": "elahe", "pose": [[-0.837935059985335, -0.5271066891676278, 0.14150396984577776, 1.195], [0.0010083418278796774, 0.25777838687315, 0.9662035430010774, 1.232], [-0.5457690156963211, 0.8097585081342575, -0.21547004434503303, -1.705], [0.0, 0.0, 0.0, 1.0]]},
{"timestamp": "2020-10-15T23:46:39.109000", "type": "vio", "user": "john", "pose": [[0.7914481936339576, 0.6046139904095257, 0.08973115063686429, 0.273], [-0.4357704287706229, 0.45519343990749617, 0.7764683288288379, 1.51], [0.4286185835945674, -0.6536366382526693, 0.6237349236102916, -0.083], [0.0, 0.0, 0.0, 1.0]]},
{"timestamp": "2020-10-15T23:46:39.183000", "type": "vio", "user": "elahe", "pose": [[-0.6758185303207225, -0.7220231573929607, 0.1481616490979994, 1.082], [0.024813781472883933, 0.17861356075460827, 0.983606360371656, 1.221], [-0.7366502496600098, 0.6684158556638673, -0.10279422927861982, -1.771], [0.0, 0.0, 0.0, 1.0]]},
{"timestamp": "2020-10-15T23:46:39.231000", "type": "vio", "user": "john", "pose": [[0.7830015408813203, 0.6148136452935171, 0.09440746018390653, 0.306], [-0.43860557235447084, 0.43810193799301717, 0.7846603365956318, 1.563], [0.44105979059203027, -0.6557978907313292, 0.6126951832969266, -0.111], [0.0, 0.0, 0.0, 1.0]]},
{"timestamp": "2020-10-15T23:46:39.301000", "type": "vio", "user": "elahe", "pose": [[-0.4258038907502447, -0.8879217170732489, 0.17402893716749296, 0.961], [0.0066688862959884965, 0.18925139501703214, 0.9819060216943771, 1.23], [-0.9047908999197134, 0.41925998358274175, -0.07466253135726342, -1.846], [0.0, 0.0, 0.0, 1.0]]},
{"timestamp": "2020-10-15T23:46:39.382000", "type": "vio", "user": "john", "pose": [[0.7533251391512027, 0.6316914990356848, 0.18294011252011078, 0.327], [-0.49529234243686987, 0.36195301336051394, 0.7897312907835438, 1.66], [0.4326508179192774, -0.6855332713773222, 0.5855402664108482, -0.125], [0.0, 0.0, 0.0, 1.0]]},
{"timestamp": "2020-10-15T23:46:39.421000", "type": "vio", "user": "elahe", "pose": [[-0.28406846576661626, -0.9370628670615357, 0.20302288031504118, 0.878], [-0.0023904358541352866, 0.21243747378578787, 0.9771717380010232, 1.235], [-0.9588010182375843, 0.2770983632321336, -0.0625867759246673, -1.871], [0.0, 0.0, 0.0, 1.0]]},
{"timestamp": "2020-10-15T23:46:39.506000", "type": "vio", "user": "john", "pose": [[0.7254281522755064, 0.6688982421589642, 0.16226255736550005, 0.348], [-0.500439310152968, 0.3507156052172833, 0.7915548377154271, 1.791], [0.4725616285097279, -0.6554187256202879, 0.5891619483355248, -0.119], [0.0, 0.0, 0.0, 1.0]]},
{"timestamp": "2020-10-15T23:46:39.541000", "type": "vio", "user": "elahe", "pose": [[-0.28383280205450023, -0.9353871673678218, 0.21092602400247829, 0.803], [0.007552486684720139, 0.21778501693763563, 0.9759675436931043, 1.225], [-0.9588440438479912, 0.2786046186284013, -0.0547500324762924, -1.846], [0.0, 0.0, 0.0, 1.0]]},
{"timestamp": "2020-10-15T23:46:39.638000", "type": "vio", "user": "john", "pose": [[0.67512426730479, 0.720913161198439, 0.15649740479331725, 0.372], [-0.5315135093566263, 0.32824246031785653, 0.7808650822106744, 1.881], [0.5115668217032585, -0.6103614513182769, 0.6047795347703762, -0.102], [0.0, 0.0, 0.0, 1.0]]},
{"timestamp": "2020-10-15T23:46:39.661000", "type": "vio", "user": "elahe", "pose": [[-0.31442222215555854, -0.9270744275019074, 0.2041364055889373, 0.76], [0.003333843309364537, 0.21396294374164415, 0.976836088703831, 1.218], [-0.9492773839629537, 0.3078195324819733, -0.06418398335278241, -1.82], [0.0, 0.0, 0.0, 1.0]]},
{"timestamp": "2020-10-15T23:46:39.763000", "type": "vio", "user": "john", "pose": [[0.5777327101196226, 0.8083277832112306, 0.11327449203882484, 0.418], [-0.571522573496617, 0.30153463376194284, 0.7631767898893775, 1.989], [0.5827408202980464, -0.505651124324735, 0.636183996047913, -0.051], [0.0, 0.0, 0.0, 1.0]]},
{"timestamp": "2020-10-15T23:46:39.779000", "type": "vio", "user": "elahe", "pose": [[-0.4372262408580204, -0.8784964632670007, 0.19255435163229967, 0.655], [-0.03315024361937352, 0.22970055327110264, 0.9726966213444587, 1.223], [-0.8987403827875657, 0.4189052635791538, -0.12955348120579077, -1.723], [0.0, 0.0, 0.0, 1.0]]},
{"timestamp": "2020-10-15T23:46:39.898000", "type": "vio", "user": "elahe", "pose": [[-0.5096579022560748, -0.8394132726971192, 0.18877017849186056, 0.594], [-0.042747731636798014, 0.24383830431733292, 0.9688733213313058, 1.242], [-0.8593145257167747, 0.4857244475703887, -0.1601571319816731, -1.66], [0.0, 0.0, 0.0, 1.0]]},
{"timestamp": "2020-10-15T23:46:39.910000", "type": "vio", "user": "john", "pose": [[0.5204535584849096, 0.8537001719055498, 0.018003053875079278, 0.456], [-0.5696057379230847, 0.33139547682276904, 0.7521478187607189, 2.042], [0.6361425915512123, -0.4017126515680627, 0.6587484715615386, 0.01], [0.0, 0.0, 0.0, 1.0]]},
{"timestamp": "2020-10-15T23:46:40.010000", "type": "vio", "user": "john", "pose": [[0.4623577789853658, 0.8795310822157305, -0.1124738175227698, 0.5], [-0.5652913172750809, 0.3901106544293295, 0.7268145595089053, 2.08], [0.6831332306549898, -0.2724678930023608, 0.6775619797905801, 0.098], [0.0, 0.0, 0.0, 1.0]]},
{"timestamp": "2020-10-15T23:46:40.050000", "type": "vio", "user": "elahe", "pose": [[-0.5737364855412779, -0.7951597753752075, 0.19633485881012813, 0.512], [-0.037482763444513234, 0.2649533363976099, 0.9635324446931395, 1.265], [-0.8181818181818183, 0.5454545454545456, -0.18181818181818174, -1.584], [0.0, 0.0, 0.0, 1.0]]},
{"timestamp": "2020-10-15T23:46:40.134000", "type": "vio", "user": "john", "pose": [[0.40914884633932097, 0.9001974959830477, -0.1491364803294402, 0.532], [-0.581346534415726, 0.3831462090576021, 0.7177988502412173, 2.09], [0.7033018046770732, -0.20698659548540588, 0.6800905239946614, 0.172], [0.0, 0.0, 0.0, 1.0]]},
{"timestamp": "2020-10-15T23:46:40.170000", "type": "vio", "user": "elahe", "pose": [[-0.6307035470953709, -0.7592338618114305, 0.16055210605974202, 0.428], [-0.0491945785729791, 0.2455917644246109, 0.9681242578749037, 1.254], [-0.7744629940289878, 0.6027011102741623, -0.19224578683016164, -1.508], [0.0, 0.0, 0.0, 1.0]]},
{"timestamp": "2020-10-15T23:46:40.286000", "type": "vio", "user": "john", "pose": [[0.34949324898479844, 0.9153488874270963, -0.19997720670122981, 0.572], [-0.5726296468838161, 0.3776129817833556, 0.7276700650008896, 2.081], [0.7415859737237251, -0.13980289794800332, 0.6561290980451746, 0.295], [0.0, 0.0, 0.0, 1.0]]},
{"timestamp": "2020-10-15T23:46:40.289000", "type": "vio", "user": "elahe", "pose": [[-0.6800044005720742, -0.721555802254293, 0.13019692560032797, 0.359], [-0.060797903727484615, 0.23245021852840855, 0.9707061918049347, 1.233], [-0.7306829887885424, 0.6521687819416524, -0.2019362517127226, -1.442], [0.0, 0.0, 0.0, 1.0]]},
{"timestamp": "2020-10-15T23:46:40.408000", "type": "vio", "user": "john", "pose": [[0.25947337247965196, 0.9283091007699754, -0.26630017349163654, 0.613], [-0.49284808944457714, 0.3644173347809282, 0.7901270574040578, 2.054], [0.8305265376283084, -0.0737714005479419, 0.5520719615741496, 0.406], [0.0, 0.0, 0.0, 1.0]]},
{"timestamp": "2020-10-15T23:46:40.406000", "type": "vio", "user": "elahe", "pose": [[-0.75694496503154, -0.6518156911780728, 0.04658996294752582, 0.261], [-0.0756162335215444, 0.15818217982894095, 0.9845103266155109, 1.224], [-0.6490889809120286, 0.7416971772351677, -0.16902305209635854, -1.344], [0.0, 0.0, 0.0, 1.0]]},
{"timestamp": "2020-10-15T23:46:40.527000", "type": "vio", "user": "elahe", "pose": [[-0.8300491994454425, -0.554086857291578, 0.06329361007812853, 0.181], [-0.07940179880780185, 0.22975190066016346, 0.9700048548791534, 1.267], [-0.5520087688126567, 0.800126126757391, -0.23470087437875067, -1.252], [0.0, 0.0, 0.0, 1.0]]},
{"timestamp": "2020-10-15T23:46:40.531000", "type": "vio", "user": "john", "pose": [[0.16857119409766635, 0.9278121053084574, -0.33278889669514944, 0.647], [-0.3911256827976037, 0.37286503776028374, 0.8414228211025242, 2.027], [0.9047676236341545, -0.011677365246928084, 0.425745447849175, 0.477], [0.0, 0.0, 0.0, 1.0]]},
{"timestamp": "2020-10-15T23:46:40.649000", "type": "vio", "user": "john", "pose": [[0.07782220547716584, 0.9211604324088796, -0.3813229105350945, 0.68], [-0.31520036936840606, 0.3855972305364536, 0.867158291751072, 2.007], [0.9458289652387951, 0.05270895148741739, 0.32035813544907354, 0.533], [0.0, 0.0, 0.0, 1.0]]},
{"timestamp": "2020-10-15T23:46:40.678000", "type": "vio", "user": "elahe", "pose": [[-0.8837075428893519, -0.4638646089638395, 0.06237469992944217, 0.116], [-0.037819384008363016, 0.20360224585697748, 0.9783229628682045, 1.28], [-0.4665090276014942, 0.862192408939454, -0.19746791418731593, -1.142], [0.0, 0.0, 0.0, 1.0]]},
{"timestamp": "2020-10-15T23:46:40.771000", "type": "vio", "user": "john", "pose": [[-0.0016840889079009491, 0.9249396076722494, -0.3801103602950805, 0.731], [-0.35222544603369577, 0.35520283526612106, 0.8658915526700056, 1.998], [0.9359136707041492, 0.13534277955626017, 0.325189072711663, 0.611], [0.0, 0.0, 0.0, 1.0]]},
{"timestamp": "2020-10-15T23:46:40.799000", "type": "vio", "user": "elahe", "pose": [[-0.888438987011456, -0.45864615833415745, -0.017884848430355288, 0.041], [-0.08621132334091605, 0.12847379363190692, 0.9879585477527051, 1.274], [-0.45082565819379206, 0.8792827678256552, -0.15368161932706537, -1.012], [0.0, 0.0, 0.0, 1.0]]},
{"timestamp": "2020-10-15T23:46:40.894000", "type": "vio", "user": "john", "pose": [[-0.01802298960888865, 0.92563467356075, -0.37798891908049553, 0.777], [-0.35030661476109637, 0.348241188949472, 0.869490281701687, 1.987], [0.9364616636575032, 0.14808283297243358, 0.3179796016707356, 0.658], [0.0, 0.0, 0.0, 1.0]]},
{"timestamp": "2020-10-15T23:46:40.924000", "type": "vio", "user": "elahe", "pose": [[-0.8774772069935248, -0.47944075819897713, 0.01305030974469834, -0.024], [-0.08125419081074048, 0.17541858067873625, 0.9811350967264137, 1.276], [-0.4726854214829715, 0.8598632920006805, -0.1928823770778916, -0.906], [0.0, 0.0, 0.0, 1.0]]},
{"timestamp": "2020-10-15T23:46:41.015000", "type": "vio", "user": "john", "pose": [[-0.036693580621952215, 0.9142217603325606, -0.40354944440003204, 0.843], [-0.2705891757934287, 0.37964665440882567, 0.8846750339755377, 1.965], [0.9619953633383964, 0.1416580062355105, 0.23344791749940047, 0.7], [0.0, 0.0, 0.0, 1.0]]},
{"timestamp": "2020-10-15T23:46:41.042000", "type": "vio", "user": "elahe", "pose": [[-0.8607231134105214, -0.5049284992344564, 0.06483002932081774, -0.136], [-0.0837294479080147, 0.26602888050515866, 0.9603218284982336, 1.317], [-0.502140519769036, 0.8211430115381919, -0.2712545907594392, -0.741], [0.0, 0.0, 0.0, 1.0]]},
{"timestamp": "2020-10-15T23:46:41.165000", "type": "vio", "user": "john", "pose": [[0.013516854281204582, 0.9133910439455402, -0.4068588151809136, 0.938], [-0.20166686183783172, 0.4010246986607253, 0.8935936816588146, 1.944], [0.9793608995088692, 0.0699713648870059, 0.1896212978782391, 0.729], [0.0, 0.0, 0.0, 1.0]]},
{"timestamp": "2020-10-15T23:46:41.165000", "type": "vio", "user": "elahe", "pose": [[-0.8348687328404859, -0.5469488309034228, 0.06197721596442224, -0.214], [-0.11013683619050288, 0.27629992381325663, 0.9547398752617045, 1.33], [-0.5393181586403966, 0.7902564953698057, -0.2909133810716936, -0.647], [0.0, 0.0, 0.0, 1.0]]},
{"timestamp": "2020-10-15T23:46:41.289000", "type": "vio", "user": "john", "pose": [[0.1159958877203649, 0.8938927847093601, -0.4330134449142542, 1.048], [-0.15478652548373284, 0.4468983890904582, 0.8810919142501689, 1.949], [0.9811147158006743, -0.03517839213066476, 0.19020093366348906, 0.741], [0.0, 0.0, 0.0, 1.0]]},
{"timestamp": "2020-10-15T23:46:41.314000", "type": "vio", "user": "elahe", "pose": [[-0.8212137894927206, -0.5595529395543183, 0.11184104695113847, -0.315], [-0.11976631839568208, 0.3606528057679031, 0.9249786930895669, 1.314], [-0.5579103341263266, 0.746210467313251, -0.3631886528337442, -0.527], [0.0, 0.0, 0.0, 1.0]]},
{"timestamp": "2020-10-15T23:46:41.409000", "type": "vio", "user": "john", "pose": [[0.18639680842658596, 0.8683435962007555, -0.4596037736415161, 1.101], [-0.13187342919121536, 0.48568182477349864, 0.8641311033390907, 1.955], [0.9735839093173901, -0.10046175402522095, 0.2050409897958062, 0.74], [0.0, 0.0, 0.0, 1.0]]},
{"timestamp": "2020-10-15T23:46:41.432000", "type": "vio", "user": "elahe", "pose": [[-0.8351253906898339, -0.5369413110381003, 0.11941361030401315, -0.406], [-0.09816888199217325, 0.3590966991083373, 0.928123069047367, 1.28], [-0.5412286507877788, 0.7633764400282359, -0.3526016993383019, -0.397], [0.0, 0.0, 0.0, 1.0]]},
{"timestamp": "2020-10-15T23:46:41.553000", "type": "vio", "user": "elahe", "pose": [[-0.8586244748854798, -0.5021984328043365, 0.10276548650448186, -0.458], [-0.08668963407440883, 0.3398483191336637, 0.9364763890916146, 1.287], [-0.5052216528135742, 0.7951728454058855, -0.3353374829294043, -0.301], [0.0, 0.0, 0.0, 1.0]]},
{"timestamp": "2020-10-15T23:46:41.562000", "type": "vio", "user": "john", "pose": [[0.2945270566299696, 0.8470108570616914, -0.4425227914271825, 1.19], [-0.10048033545459817, 0.48794360009522686, 0.8670725144490747, 1.955], [0.9503459975713151, -0.2109114770365242, 0.22882052738872355, 0.713], [0.0, 0.0, 0.0, 1.0]]},
{"timestamp": "2020-10-15T23:46:41.676000", "type": "vio", "user": "elahe", "pose": [[-0.91059889401106, -0.4060019399806002, 0.07727922720772792, -0.501], [-0.07999320006799934, 0.35658843411565894, 0.9308306916930832, 1.32], [-0.40547594524054764, 0.8414315856841433, -0.3571864281357187, -0.174], [0.0, 0.0, 0.0, 1.0]]},
{"timestamp": "2020-10-15T23:46:41.684000", "type": "vio", "user": "john", "pose": [[0.43484796993383035, 0.8098914499330306, -0.3936789077024568, 1.284], [-0.03594746416648342, 0.452439877656278, 0.8910701077504346, 1.946], [0.8997860983947383, -0.3733282689962616, 0.22585610619115198, 0.673], [0.0, 0.0, 0.0, 1.0]]},
{"timestamp": "2020-10-15T23:46:41.798000", "type": "vio", "user": "elahe", "pose": [[-0.9447681712716518, -0.3200147151587128, 0.07073672761661409, -0.53], [-0.05706122685636422, 0.3731482342309379, 0.9260153409528267, 1.315], [-0.3227338205730315, 0.8708334957798887, -0.37079900712665514, -0.034], [0.0, 0.0, 0.0, 1.0]]},
{"timestamp": "2020-10-15T23:46:41.804000", "type": "vio", "user": "john", "pose": [[0.45480202556643, 0.8175461144163205, -0.3532328811753642, 1.343], [0.0035138600592239944, 0.39497645933626424, 0.9186845211266339, 1.966], [0.8905856333492903, -0.41906079197768564, 0.1767633511191684, 0.654], [0.0, 0.0, 0.0, 1.0]]},
{"timestamp": "2020-10-15T23:46:41.925000", "type": "vio", "user": "john", "pose": [[0.5344057024270683, 0.7917453091762194, -0.29588834145819937, 1.457], [-0.0035730093911396366, 0.35218222347894795, 0.9359246310837828, 1.957], [0.8452205503993155, -0.49910624807036497, 0.19103710194567136, 0.606], [0.0, 0.0, 0.0, 1.0]]},
{"timestamp": "2020-10-15T23:46:41.946000", "type": "vio", "user": "elahe", "pose": [[-0.9651506137039724, -0.25189510786691005, 0.07094467914906383, -0.557], [-0.026883983701222414, 0.3650996175286854, 0.9305802064845139, 1.286], [-0.2603104767142465, 0.8962427817913659, -0.35914806389520787, 0.12], [0.0, 0.0, 0.0, 1.0]]},
{"timestamp": "2020-10-15T23:46:42.043000", "type": "vio", "user": "john", "pose": [[0.6125271436761976, 0.7086142591449467, -0.35025180941193856, 1.539], [0.026880979349830247, 0.42417450262397194, 0.9051814206405806, 1.924], [0.7899923488294508, -0.5638633017497807, 0.2407701512454628, 0.571], [0.0, 0.0, 0.0, 1.0]]},
{"timestamp": "2020-10-15T23:46:42.068000", "type": "vio", "user": "elahe", "pose": [[-0.9634731413098473, -0.2616235003789674, 0.057207080191103585, -0.596], [-0.03790274036432864, 0.34467835766124116, 0.9379553358411177, 1.288], [-0.26510920060874765, 0.9015264687236897, -0.34200458760546587, 0.283], [0.0, 0.0, 0.0, 1.0]]},
{"timestamp": "2020-10-15T23:46:42.164000", "type": "vio", "user": "john", "pose": [[0.7405010290114187, 0.5657271664017017, -0.36278230280449386, 1.666], [0.01586588534501654, 0.5249438971168671, 0.8509889415039276, 1.888], [0.6718679183554228, -0.6359140492824935, 0.37974573362961384, 0.516], [0.0, 0.0, 0.0, 1.0]]},
{"timestamp": "2020-10-15T23:46:42.187000", "type": "vio", "user": "elahe", "pose": [[-0.9603742773800583, -0.27298008913937605, 0.05624160630875584, -0.635], [-0.04246170276808066, 0.3427366008437942, 0.9384714306999851, 1.308], [-0.27546007177949755, 0.8988957077300459, -0.3407466147736966, 0.399], [0.0, 0.0, 0.0, 1.0]]},
{"timestamp": "2020-10-15T23:46:42.285000", "type": "vio", "user": "john", "pose": [[0.7871003881086704, 0.5341895730804626, -0.3084063537790581, 1.769], [-0.0038810867042772257, 0.5042691953747049, 0.8635377905813628, 1.911], [0.6168127075581163, -0.6784939783139279, 0.3989837154403233, 0.465], [0.0, 0.0, 0.0, 1.0]]},
{"timestamp": "2020-10-15T23:46:42.305000", "type": "vio", "user": "elahe", "pose": [[-0.950939985321791, -0.29954145594237513, 0.077382559327762, -0.698], [-0.03619758389476482, 0.35613255182867687, 0.9337340844416985, 1.318], [-0.30725051543711673, 0.8851240148701861, -0.3495033605900081, 0.548], [0.0, 0.0, 0.0, 1.0]]},
{"timestamp": "2020-10-15T23:46:42.426000", "type": "vio", "user": "elahe", "pose": [[-0.9386701710379698, -0.3320165291733913, 0.09307703454237468, -0.771], [-0.041203012027122204, 0.3759987208378509, 0.9257036641000143, 1.3], [-0.3423457635248911, 0.8650953625375377, -0.3666188646436581, 0.71], [0.0, 0.0, 0.0, 1.0]]},
{"timestamp": "2020-10-15T23:46:42.440000", "type": "vio", "user": "john", "pose": [[0.8144676664273586, 0.5271521218750812, -0.24239030662749747, 1.85], [-0.0442033144486684, 0.47292586985779494, 0.8799927207715982, 1.944], [0.5785226765962808, -0.7060111628167415, 0.408484700621734, 0.41], [0.0, 0.0, 0.0, 1.0]]},
{"timestamp": "2020-10-15T23:46:42.560000", "type": "vio", "user": "john", "pose": [[0.8522783615629448, 0.4668042160484941, -0.23604113686163494, 1.945], [-0.025558594437247034, 0.4878684644050989, 0.8725429042112502, 1.95], [0.5224637333461286, -0.7376165571069846, 0.42773059514098805, 0.328], [0.0, 0.0, 0.0, 1.0]]},
{"timestamp": "2020-10-15T23:46:42.580000", "type": "vio", "user": "elahe", "pose": [[-0.9269498123522683, -0.3580848437601508, 0.11197897146055402, -0.847], [-0.03857897445891989, 0.3878516208666277, 0.9209141018145114, 1.307], [-0.37319660784872255, 0.8493211199896059, -0.37333353322439267, 0.878], [0.0, 0.0, 0.0, 1.0]]},
{"timestamp": "2020-10-15T23:46:42.679000", "type": "vio", "user": "john", "pose": [[0.8645515070112503, 0.43191821524903173, -0.2568994882452422, 2.0], [-0.0015681677939539673, 0.5135139459922212, 0.8580798145401558, 1.939], [0.5025417719696008, -0.7414513352928764, 0.4446365761136442, 0.277], [0.0, 0.0, 0.0, 1.0]]},
{"timestamp": "2020-10-15T23:46:42.699000", "type": "vio", "user": "elahe", "pose": [[-0.9261913657824123, -0.3541040206035201, 0.12953723998345643, -0.919], [-0.02364050134166637, 0.39741097349234855, 0.9173361678491581, 1.336], [-0.3763119459257498, 0.8465665128861912, -0.3764498088899634, 1.037], [0.0, 0.0, 0.0, 1.0]]},
{"timestamp": "2020-10-15T23:46:42.802000", "type": "vio", "user": "john", "pose": [[0.854953303185706, 0.42315305772360406, -0.29999389845630947, 2.123], [0.03283030606743503, 0.5330478611088606, 0.8454478983182745, 1.943], [0.517664969237217, -0.7326673648433053, 0.44183878521265885, 0.17], [0.0, 0.0, 0.0, 1.0]]},
{"timestamp": "2020-10-15T23:46:42.820000", "type": "vio", "user": "elahe", "pose": [[-0.9193381055089244, -0.36680053012327574, 0.1423896725909076, -0.972], [-0.012089689182246843, 0.3880454402801737, 0.9215609451866127, 1.344], [-0.39328270642724505, 0.8455046465744882, -0.36117946431962517, 1.157], [0.0, 0.0, 0.0, 1.0]]},
{"timestamp": "2020-10-15T23:46:42.926000", "type": "vio", "user": "john", "pose": [[0.8411113010736885, 0.438361642756377, -0.31681358772321855, 2.22], [0.0438473620696723, 0.5285628731139966, 0.8477609910847563, 1.952], [0.5390818008852256, -0.7269527903003108, 0.4253592042367654, 0.094], [0.0, 0.0, 0.0, 1.0]]},
{"timestamp": "2020-10-15T23:46:42.937000", "type": "vio", "user": "elahe", "pose": [[-0.9131596593240525, -0.37289204255446917, 0.16459332058967763, -1.042], [-0.010682652948888649, 0.4255647074130046, 0.9048649406018877, 1.331], [-0.40746204425584726, 0.824527867572734, -0.39259199951961093, 1.321], [0.0, 0.0, 0.0, 1.0]]},
{"timestamp": "2020-10-15T23:46:43.058000", "type": "vio", "user": "elahe", "pose": [[-0.891379761945227, -0.41664583904010305, 0.17846110165814566, -1.128], [-0.031431387799742916, 0.4496028088303805, 0.8926754069384988, 1.324], [-0.45216610648682265, 0.7901035116378112, -0.41386260164714883, 1.488], [0.0, 0.0, 0.0, 1.0]]},
{"timestamp": "2020-10-15T23:46:43.076000", "type": "vio", "user": "john", "pose": [[0.83239268787813, 0.46629934636730097, -0.29947843452317235, 2.325], [0.016250271388136533, 0.519623488355573, 0.854240808571563, 1.966], [0.5539479595113913, -0.7159304085779662, 0.42495330123032626, 0.024], [0.0, 0.0, 0.0, 1.0]]},
{"timestamp": "2020-10-15T23:46:43.198000", "type": "vio", "user": "john", "pose": [[0.8412937066437102, 0.4699746744211654, -0.2671117829007297, 2.477], [-0.04673920659866465, 0.5555110661768385, 0.8301944964414059, 1.964], [0.5385539394788736, -0.6859528123404639, 0.4893142073494229, -0.075], [0.0, 0.0, 0.0, 1.0]]},
{"timestamp": "2020-10-15T23:46:43.207000", "type": "vio", "user": "elahe", "pose": [[-0.8450211157479156, -0.49749122303252347, 0.19606579749092293, -1.21], [-0.02054845916571532, 0.39660086984275, 0.917761140420474, 1.333], [-0.5343379780308177, 0.7714986928346528, -0.34535878762290007, 1.612], [0.0, 0.0, 0.0, 1.0]]},
{"timestamp": "2020-10-15T23:46:43.321000", "type": "vio", "user": "john", "pose": [[0.8588880079900745, 0.43393542156340326, -0.2720504358449614, 2.574], [-0.04177393248227182, 0.5887631080909501, 0.8072254586644619, 1.962], [0.510456979867852, -0.6819516496524337, 0.5238087620883367, -0.146], [0.0, 0.0, 0.0, 1.0]]},
{"timestamp": "2020-10-15T23:46:43.329000", "type": "vio", "user": "elahe", "pose": [[-0.743886760625946, -0.5967578145713253, 0.3008531171742982, -1.351], [0.0025552495170138023, 0.44762989101670714, 0.8942152712676499, 1.349], [-0.6683007990907553, 0.6659636562278954, -0.331461084470306, 1.782], [0.0, 0.0, 0.0, 1.0]]},
{"timestamp": "2020-10-15T23:46:43.443000", "type": "vio", "user": "john", "pose": [[0.8686178861788619, 0.4260162601626017, -0.25300813008130085, 2.722], [-0.02806353971232023, 0.5521100687929957, 0.8332988117573484, 1.972], [0.49468717948717955, -0.7167179487179488, 0.4915282051282053, -0.255], [0.0, 0.0, 0.0, 1.0]]},
{"timestamp": "2020-10-15T23:46:43.463000", "type": "vio", "user": "elahe", "pose": [[-0.6984792180495097, -0.6560721627908607, 0.2858252948286204, -1.442], [-0.010480347595858697, 0.4087385630928741, 0.9125913375410937, 1.319], [-0.7155535928686372, 0.6344305354029667, -0.2923712562498059, 1.882], [0.0, 0.0, 0.0, 1.0]]},
{"timestamp": "2020-10-15T23:46:43.564000", "type": "vio", "user": "john", "pose": [[0.882424963863617, 0.4181277102287221, -0.21562792279568063, 2.827], [-0.05001175370241623, 0.5391168217988667, 0.8407448346229063, 1.967], [0.4677873530162001, -0.7311102997444194, 0.4966414420542471, -0.339], [0.0, 0.0, 0.0, 1.0]]},
{"timestamp": "2020-10-15T23:46:43.583000", "type": "vio", "user": "elahe", "pose": [[-0.720183421996635, -0.6498576518863376, 0.24294211443467895, -1.571], [-0.008264793500203038, 0.3581810652000377, 0.9336155620599764, 1.294], [-0.6937344822550022, 0.6703665839053601, -0.26332700452753033, 2.065], [0.0, 0.0, 0.0, 1.0]]},
{"timestamp": "2020-10-15T23:46:43.702000", "type": "vio", "user": "elahe", "pose": [[-0.7662709243267654, -0.6034757659432481, 0.22055808860845483, -1.629], [-0.027756576502415642, 0.3740424460632896, 0.9269961278257084, 1.317], [-0.6419177852281946, 0.7042082422566507, -0.3033682721471187, 2.171], [0.0, 0.0, 0.0, 1.0]]},
{"timestamp": "2020-10-15T23:46:43.717000", "type": "vio", "user": "john", "pose": [[0.8895240725950925, 0.4024375841935336, -0.21631207803151764, 2.924], [-0.03414179141821441, 0.5306719669811226, 0.8468893679455077, 1.952], [0.45561086724593824, -0.7459431977629792, 0.4857854293394823, -0.433], [0.0, 0.0, 0.0, 1.0]]},
{"timestamp": "2020-10-15T23:46:43.836000", "type": "vio", "user": "john", "pose": [[0.8775165183640191, 0.4202611927234168, -0.2309659929274892, 3.079], [-0.03657298340911025, 0.5388823032176422, 0.8415867633009717, 1.922], [0.4781497431588213, -0.7300591710057069, 0.48824832815649555, -0.578], [0.0, 0.0, 0.0, 1.0]]},
{"timestamp": "2020-10-15T23:46:43.851000", "type": "vio", "user": "elahe", "pose": [[-0.8254019697869968, -0.5234339833270315, 0.2114910243252489, -1.694], [-0.012981868596841917, 0.39212085201390023, 0.9198221069878825, 1.337], [-0.5643961900646393, 0.7564774302742219, -0.33045247483750173, 2.329], [0.0, 0.0, 0.0, 1.0]]},
{"timestamp": "2020-10-15T23:46:43.956000", "type": "vio", "user": "john", "pose": [[0.8611120555007808, 0.44762203792180044, -0.24108201724299994, 3.167], [-0.031174191896869957, 0.5197778528845327, 0.853732483515956, 1.917], [0.5074585674030906, -0.7276437966597936, 0.4615412306086246, -0.655], [0.0, 0.0, 0.0, 1.0]]},
{"timestamp": "2020-10-15T23:46:43.972000", "type": "vio", "user": "elahe", "pose": [[-0.8658935774822099, -0.4472976069794182, 0.22394901934490896, -1.752], [-0.008982458387580633, 0.4615248363573409, 0.8870818118227005, 1.34], [-0.5001476061288066, 0.7661068308113533, -0.40364922379190626, 2.488], [0.0, 0.0, 0.0, 1.0]]},
{"timestamp": "2020-10-15T23:46:44.076000", "type": "vio", "user": "john", "pose": [[0.8088962108731466, 0.5238879736408567, -0.26688632619439867, 3.34], [-0.033286610726085325, 0.4940031550248116, 0.8688227001937173, 1.939], [0.5870084510306781, -0.6939036488591258, 0.41703573530161053, -0.778], [0.0, 0.0, 0.0, 1.0]]},
{"timestamp": "2020-10-15T23:46:44.093000", "type": "vio", "user": "elahe", "pose": [[-0.8788893302502518, -0.42496895739884516, 0.21669086371972907, -1.805], [-0.0344275204040691, 0.5095779306866992, 0.8597354700114965, 1.344], [-0.47578176826260493, 0.7481522022987033, -0.46249323366348705, 2.605], [0.0, 0.0, 0.0, 1.0]]},
{"timestamp": "2020-10-15T23:46:44.199000", "type": "vio", "user": "john", "pose": [[0.7653024469507168, 0.5829697993292298, -0.27287062458477074, 3.487], [-0.07339251266699215, 0.5001961082517549, 0.8627962635374727, 1.954], [0.6394729890899777, -0.6402734309338755, 0.425586923982038, -0.858], [0.0, 0.0, 0.0, 1.0]]},
{"timestamp": "2020-10-15T23:46:44.212000", "type": "vio", "user": "elahe", "pose": [[-0.8718742057305476, -0.430763719472535, 0.23297636654371956, -1.901], [-0.02475418923976283, 0.5138800775707312, 0.8575048081445263, 1.364], [-0.4891038739335525, 0.7418691824453191, -0.4587019911021809, 2.786], [0.0, 0.0, 0.0, 1.0]]},
{"timestamp": "2020-10-15T23:46:44.333000", "type": "vio", "user": "elahe", "pose": [[-0.8643872934942891, -0.45084601734523005, 0.22264877158781335, -1.96], [-0.029981755017370215, 0.4882187398465423, 0.8722061433105895, 1.371], [-0.5019319687086051, 0.7472485066606683, -0.43552723001174676, 2.885], [0.0, 0.0, 0.0, 1.0]]},
{"timestamp": "2020-10-15T23:46:44.351000", "type": "vio", "user": "john", "pose": [[0.7383980089150669, 0.6076010147490738, -0.2925566394839825, 3.666], [-0.10630857014813094, 0.5332794481301568, 0.8392326960474403, 1.951], [0.6659330809798572, -0.588586473746969, 0.45836567779316095, -0.95], [0.0, 0.0, 0.0, 1.0]]},
{"timestamp": "2020-10-15T23:46:44.452000", "type": "vio", "user": "elahe", "pose": [[-0.867566611436121, -0.45001369104605593, 0.21169754980242933, -2.012], [-0.03730760082905779, 0.4833678774081753, 0.8746219972138223, 1.36], [-0.4959196685367771, 0.7508949147257695, -0.436142762633238, 2.984], [0.0, 0.0, 0.0, 1.0]]},
{"timestamp": "2020-10-15T23:46:44.474000", "type": "vio", "user": "john", "pose": [[0.726934781347349, 0.642832990870549, -0.24151929429324284, 3.86], [-0.14312410091014396, 0.4858116367987097, 0.862265936524006, 1.955], [0.6716258745805914, -0.5922438681821727, 0.445158269825994, -1.063], [0.0, 0.0, 0.0, 1.0]]},
