{"timestamp": "2020-10-15T22:45:14.465000", "type": "vio", "user": "elahe", "pose": [[-0.04457938003801548, -0.7250245342490123, 0.6872787670315659, -0.441], [0.028511695491494404, 0.6867591006573781, 0.7263256989013056, 1.789], [-0.9985988995065169, 0.0519746322860723, -0.009943616198400618, 0.295], [0.0, 0.0, 0.0, 1.0]]},
{"timestamp": "2020-10-15T22:45:14.479000", "type": "vio", "user": "john", "pose": [[0.9007317594807926, -0.26524832051105235, -0.34398492107751133, 0.006], [0.42739071079210317, 0.39973535931369314, 0.8108938419071718, 1.414], [-0.07758529365322075, -0.8774137968942697, 0.4734190017609399, 0.042], [0.0, 0.0, 0.0, 1.0]]},
{"timestamp": "2020-10-15T22:45:14.539435", "type": "uwb", "src": "john", "dst": "static12", "range": 7.687495, "ble_rssi": -85},
{"timestamp": "2020-10-15T22:45:14.536191", "type": "uwb", "src": "elahe", "dst": "john", "range": 0.408061, "ble_rssi": -55},
{"timestamp": "2020-10-15T22:45:14.589000", "type": "vio", "user": "elahe", "pose": [[-0.04218545920765504, -0.7337361663656419, 0.6781236061357031, -0.441], [0.029374408701513477, 0.6775235569316683, 0.7349142629695634, 1.787], [-0.9986778915871101, 0.05092217561840062, -0.007028576343260151, 0.294], [0.0, 0.0, 0.0, 1.0]]},
{"timestamp": "2020-10-15T22:45:14.633000", "type": "vio", "user": "john", "pose": [[0.9021572865657974, -0.26498093453758004, -0.34043697599971207, 0.006], [0.42375114722696, 0.396283684483093, 0.8144901513439803, 1.413], [-0.08091474229133466, -0.8790587840094058, 0.4697961885071353, 0.041], [0.0, 0.0, 0.0, 1.0]]},
{"timestamp": "2020-10-15T22:45:14.682757", "type": "uwb", "src": "elahe", "dst": "static12", "range": 7.62183, "ble_rssi": -90},
{"timestamp": "2020-10-15T22:45:14.750000", "type": "vio", "user": "john", "pose": [[0.9028407188023294, -0.271015470745545, -0.3338102021943965, 0.005], [0.42018644872660016, 0.39139736572442574, 0.8186888605633451, 1.411], [-0.09122491314888408, -0.8794081627552424, 0.4672465072105171, 0.039], [0.0, 0.0, 0.0, 1.0]]},
{"timestamp": "2020-10-15T22:45:14.746000", "type": "vio", "user": "elahe", "pose": [[-0.040463099047290896, -0.7393445971110371, 0.6721103364316063, -0.441], [0.0284971707067026, 0.6715336651862767, 0.7404258556960301, 1.786], [-0.9987745736036746, 0.04911316772723445, -0.006103104013071181, 0.293], [0.0, 0.0, 0.0, 1.0]]},
{"timestamp": "2020-10-15T22:45:14.871000", "type": "vio", "user": "john", "pose": [[0.9036677940548686, -0.2686556420564121, -0.33347963053125884, 0.006], [0.4184146515810595, 0.38811513556151633, 0.8211551746718562, 1.41], [-0.09117947866876885, -0.8815842486905736, 0.4631366052585012, 0.038], [0.0, 0.0, 0.0, 1.0]]},
{"timestamp": "2020-10-15T22:45:14.866000", "type": "vio", "user": "elahe", "pose": [[-0.03884534746654894, -0.7462769834342634, 0.6645010932846229, -0.441], [0.024403192571063492, 0.6640961730539083, 0.7472487919879783, 1.785], [-0.9989472074001422, 0.04524308711183889, -0.007585505655385738, 0.292], [0.0, 0.0, 0.0, 1.0]]},
{"timestamp": "2020-10-15T22:45:14.930084", "type": "uwb", "src": "john", "dst": "elahe", "range": 0.408061, "ble_rssi": -55},
{"timestamp": "2020-10-15T22:45:14.989000", "type": "vio", "user": "john", "pose": [[0.9066553172420899, -0.27520687527069077, -0.3197456982046638, 0.006], [0.40887935768391725, 0.3865869406265722, 0.8266608785934985, 1.408], [-0.10389324605879231, -0.8802338968369315, 0.46302751568631173, 0.035], [0.0, 0.0, 0.0, 1.0]]},
{"timestamp": "2020-10-15T22:45:14.985000", "type": "vio", "user": "elahe", "pose": [[-0.04106451393310351, -0.7578615218897284, 0.6511218160485966, -0.442], [0.021607422445931446, 0.6508455165399293, 0.7589026504731127, 1.782], [-0.9989228323502676, 0.0452330326073464, -0.010351220723263999, 0.291], [0.0, 0.0, 0.0, 1.0]]},
{"timestamp": "2020-10-15T22:45:15.024382", "type": "uwb", "src": "elahe", "dst": "john", "range": 0.39868, "ble_rssi": -52},
{"timestamp": "2020-10-15T22:45:15.076742", "type": "uwb", "src": "john", "dst": "static12", "range": 7.62183, "ble_rssi": -85},
{"timestamp": "2020-10-15T22:45:15.109000", "type": "vio", "user": "john", "pose": [[0.9090119298624464, -0.2799843641122385, -0.3087168074796329, 0.005], [0.4012564695485088, 0.3877190298951376, 0.829859746886569, 1.406], [-0.11265237242605199, -0.8782270262920854, 0.4647867610818355, 0.034], [0.0, 0.0, 0.0, 1.0]]},
{"timestamp": "2020-10-15T22:45:15.110000", "type": "vio", "user": "elahe", "pose": [[-0.06262857623375628, -0.8013606681609455, 0.5948938905078578, -0.448], [0.004901288490281042, 0.595809878859289, 0.803110556290237, 1.773], [-0.9980248688334712, 0.053213417277242214, -0.0333870245995429, 0.289], [0.0, 0.0, 0.0, 1.0]]},
{"timestamp": "2020-10-15T22:45:15.171432", "type": "uwb", "src": "elahe", "dst": "static12", "range": 7.645282, "ble_rssi": -90},
{"timestamp": "2020-10-15T22:45:15.235000", "type": "vio", "user": "elahe", "pose": [[-0.08952500245112266, -0.840717048408171, 0.5340225823427128, -0.451], [-0.0072553229379056505, 0.5367118140108169, 0.843734430369109, 1.763], [-0.995958148832165, 0.07166082065586044, -0.05414880015046897, 0.29], [0.0, 0.0, 0.0, 1.0]]},
{"timestamp": "2020-10-15T22:45:15.256000", "type": "vio", "user": "john", "pose": [[0.9119291863999152, -0.2875882118725627, -0.29270835209117413, 0.003], [0.38915866832335916, 0.37986078180679517, 0.8392027867648677, 1.403], [-0.13015640537744777, -0.8792035070659536, 0.458323579256129, 0.03], [0.0, 0.0, 0.0, 1.0]]},
{"timestamp": "2020-10-15T22:45:15.375000", "type": "vio", "user": "john", "pose": [[0.9155920516015393, -0.30411080920140715, -0.2630737743883827, 0.0], [0.36876685732014275, 0.3741962279635106, 0.8508749543382423, 1.4], [-0.16031905684075684, -0.8760672341234694, 0.4547570794489565, 0.027], [0.0, 0.0, 0.0, 1.0]]},
{"timestamp": "2020-10-15T22:45:15.369375", "type": "uwb", "src": "john", "dst": "elahe", "range": 0.3893, "ble_rssi": -55},
{"timestamp": "2020-10-15T22:45:15.388000", "type": "vio", "user": "elahe", "pose": [[-0.11095765654867357, -0.8836260645910268, 0.4548553357152149, -0.451], [0.00016012649993496497, 0.4576655557890732, 0.8891244082825431, 1.746], [-0.9938251218462584, 0.09872799511614189, -0.05064000560442755, 0.289], [0.0, 0.0, 0.0, 1.0]]},
{"timestamp": "2020-10-15T22:45:15.463850", "type": "uwb", "src": "elahe", "dst": "john", "range": 0.384609, "ble_rssi": -51},
{"timestamp": "2020-10-15T22:45:15.496000", "type": "vio", "user": "john", "pose": [[0.9173206059381619, -0.31005422878506317, -0.24977846411118604, -0.001], [0.3582700397464389, 0.3691378003236523, 0.8575429219533565, 1.399], [-0.17368213650611403, -0.876129933049154, 0.44970085153794903, 0.027], [0.0, 0.0, 0.0, 1.0]]},
{"timestamp": "2020-10-15T22:45:15.488000", "type": "vio", "user": "elahe", "pose": [[-0.15027608506280288, -0.9082713504615088, 0.39046158862175506, -0.448], [-0.012773622250025818, 0.39669738056733217, 0.9178605682921731, 1.733], [-0.9885615473165092, 0.13294488400026794, -0.07121604443764362, 0.286], [0.0, 0.0, 0.0, 1.0]]},
{"timestamp": "2020-10-15T22:45:15.564981", "type": "uwb", "src": "john", "dst": "static12", "range": 7.846967, "ble_rssi": -83},
{"timestamp": "2020-10-15T22:45:15.615000", "type": "vio", "user": "john", "pose": [[0.918752379306107, -0.31582996691702886, -0.23695041151379329, 0.0], [0.3493385903716664, 0.3705602522738922, 0.8606088825429625, 1.397], [-0.18400167063509118, -0.8734623812345315, 0.4507847088928346, 0.024], [0.0, 0.0, 0.0, 1.0]]},
{"timestamp": "2020-10-15T22:45:15.610000", "type": "vio", "user": "elahe", "pose": [[-0.22958864460004852, -0.896294623135768, 0.3794008471374631, -0.433], [-0.042001067417190174, 0.3985743783893996, 0.9161737691220595, 1.732], [-0.9723810799303583, 0.19440785331209165, -0.12915348219871953, 0.286], [0.0, 0.0, 0.0, 1.0]]},
{"timestamp": "2020-10-15T22:45:15.659311", "type": "uwb", "src": "elahe", "dst": "static12", "range": 7.922013, "ble_rssi": -90},
{"timestamp": "2020-10-15T22:45:15.736000", "type": "vio", "user": "john", "pose": [[0.924661612749881, -0.32098876629387774, -0.20485876554329607, 0.002], [0.32514398658960697, 0.3855297855838273, 0.863509219645225, 1.398], [-0.1981976031424354, -0.8650624233781179, 0.4608521604243287, 0.024], [0.0, 0.0, 0.0, 1.0]]},
{"timestamp": "2020-10-15T22:45:15.734000", "type": "vio", "user": "elahe", "pose": [[-0.38326808983420346, -0.8516784464653608, 0.3574204738696288, -0.387], [-0.06226607757681846, 0.4099150135982238, 0.9099959435129177, 1.738], [-0.9215359498674147, 0.3265172360735602, -0.2101380204742692, 0.287], [0.0, 0.0, 0.0, 1.0]]},
{"timestamp": "2020-10-15T22:45:15.857830", "type": "uwb", "src": "john", "dst": "elahe", "range": 0.614437, "ble_rssi": -55},
{"timestamp": "2020-10-15T22:45:15.853000", "type": "vio", "user": "elahe", "pose": [[-0.5265056563746167, -0.7915562160079654, 0.31021049418851915, -0.34], [-0.0768626509158774, 0.4077042774300396, 0.9098732631852819, 1.74], [-0.8466899826381071, 0.45520981872582716, -0.27549971730635486, 0.283], [0.0, 0.0, 0.0, 1.0]]},
{"timestamp": "2020-10-15T22:45:15.881000", "type": "vio", "user": "john", "pose": [[0.9322212189661396, -0.31382783525668523, -0.18021012382046583, 0.011], [0.30142079059912386, 0.3977563727592975, 0.8665652744738656, 1.395], [-0.20027257901141612, -0.8621496144796851, 0.46539116488030424, 0.021], [0.0, 0.0, 0.0, 1.0]]},
{"timestamp": "2020-10-15T22:45:15.982000", "type": "vio", "user": "elahe", "pose": [[-0.72378229112596, -0.6655765020518097, 0.18206349158722968, -0.252], [-0.07892791811563549, 0.34197263786831816, 0.9363893947986145, 1.729], [-0.6854995104260743, 0.6633721691975488, -0.30004630699235585, 0.259], [0.0, 0.0, 0.0, 1.0]]},
{"timestamp": "2020-10-15T22:45:15.998000", "type": "vio", "user": "john", "pose": [[0.9479834330934158, -0.29275667805924804, -0.12498375107242925, 0.031], [0.2350884841600454, 0.3791669749796513, 0.894966932182476, 1.38], [-0.2146178352228753, -0.8777960654596797, 0.4282677343295342, 0.01], [0.0, 0.0, 0.0, 1.0]]},
{"timestamp": "2020-10-15T22:45:16.004441", "type": "uwb", "src": "john", "dst": "static12", "range": 7.832896, "ble_rssi": -89},
{"timestamp": "2020-10-15T22:45:16.116000", "type": "vio", "user": "john", "pose": [[0.9519824008799563, -0.29476926153692323, -0.0827078646067697, 0.042], [0.18619069046547676, 0.34298285085745706, 0.9207039648017603, 1.365], [-0.2430278486075697, -0.8918934053297338, 0.3813969301534923, 0.001], [0.0, 0.0, 0.0, 1.0]]},
{"timestamp": "2020-10-15T22:45:16.105000", "type": "vio", "user": "elahe", "pose": [[-0.8391821199238761, -0.5342281771806817, 0.10185099069854417, -0.175], [-0.09384659848332563, 0.3267150090354426, 0.9404520821520254, 1.721], [-0.535692248920197, 0.7796522029579448, -0.3243088911356655, 0.234], [0.0, 0.0, 0.0, 1.0]]},
{"timestamp": "2020-10-15T22:45:16.098887", "type": "uwb", "src": "elahe", "dst": "john", "range": 0.736386, "ble_rssi": -54},
{"timestamp": "2020-10-15T22:45:16.230000", "type": "vio", "user": "john", "pose": [[0.9498948177474784, -0.3125504144240796, -0.0034747172288729644, 0.062], [0.09327093787341703, 0.2728213462928011, 0.9575327906422821, 1.34], [-0.2983292935075229, -0.909879525789167, 0.288303453300481, -0.005], [0.0, 0.0, 0.0, 1.0]]},
{"timestamp": "2020-10-15T22:45:16.226000", "type": "vio", "user": "elahe", "pose": [[-0.9531356610327296, -0.30149338123128777, 0.02518238950986848, -0.081], [-0.06932949190673088, 0.29867924320965583, 0.9518319868693538, 1.722], [-0.2944925011263545, 0.9054791277271014, -0.3055842208473983, 0.222], [0.0, 0.0, 0.0, 1.0]]},
{"timestamp": "2020-10-15T22:45:16.245258", "type": "uwb", "src": "elahe", "dst": "static12", "range": 9.113364, "ble_rssi": -90},
{"timestamp": "2020-10-15T22:45:16.348000", "type": "vio", "user": "john", "pose": [[0.9397953449679143, -0.3300877292970259, 0.08846920675677572, 0.087], [0.016925935035925627, 0.3035229701976361, 0.9526737737995967, 1.351], [-0.34131835916018255, -0.8938209538436312, 0.2908365179448109, -0.017], [0.0, 0.0, 0.0, 1.0]]},
{"timestamp": "2020-10-15T22:45:16.346000", "type": "uwb", "src": "john", "dst": "elahe", "range": 0.78798, "ble_rssi": -57},
{"timestamp": "2020-10-15T22:45:16.346000", "type": "vio", "user": "elahe", "pose": [[-0.9886570885193289, -0.14960677973562556, -0.01322772760605341, -0.019], [-0.06186478745296715, 0.32539989815590165, 0.9435505573913504, 1.727], [-0.13685725919323066, 0.9336662774981567, -0.33096430754516715, 0.208], [0.0, 0.0, 0.0, 1.0]]},
{"timestamp": "2020-10-15T22:45:16.472000", "type": "vio", "user": "elahe", "pose": [[-0.9884507374914683, 0.12602507210783048, -0.08415949591572441, 0.082], [-0.038258683464138236, 0.3298365288961748, 0.9432624965222108, 1.724], [0.14663360014731816, 0.9355883418501639, -0.3212056068967312, 0.172], [0.0, 0.0, 0.0, 1.0]]},
{"timestamp": "2020-10-15T22:45:16.492000", "type": "vio", "user": "john", "pose": [[0.9397595782270616, -0.2942152197800549, 0.1740383279058629, 0.123], [-0.05301357084223611, 0.3775289728933097, 0.9244790078377536, 1.388], [-0.3377003056514013, -0.8780143957110818, 0.33918906893803863, -0.039], [0.0, 0.0, 0.0, 1.0]]},
{"timestamp": "2020-10-15T22:45:16.541539", "type": "uwb", "src": "john", "dst": "static12", "range": 7.579617, "ble_rssi": -83},
{"timestamp": "2020-10-15T22:45:16.608000", "type": "vio", "user": "john", "pose": [[0.9453503340280156, -0.22020824449609522, 0.2404601318494762, 0.17], [-0.13091255613011982, 0.4190835400363156, 0.8984602880028189, 1.428], [-0.2986212460636345, -0.8808389838821723, 0.36735274039106386, -0.084], [0.0, 0.0, 0.0, 1.0]]},
{"timestamp": "2020-10-15T22:45:16.598000", "type": "vio", "user": "elahe", "pose": [[-0.9291579742554542, 0.3399860921420602, -0.14517202219253877, 0.165], [-0.021818327354955508, 0.3415759904345957, 0.9396008744940891, 1.719], [0.36903850675631733, 0.8762050558565588, -0.3099601274720218, 0.137], [0.0, 0.0, 0.0, 1.0]]},
{"timestamp": "2020-10-15T22:45:16.587006", "type": "uwb", "src": "elahe", "dst": "john", "range": 0.848955, "ble_rssi": -63},
{"timestamp": "2020-10-15T22:45:16.725000", "type": "vio", "user": "john", "pose": [[0.9577112139477398, -0.17399877609301692, 0.22915858394761993, 0.203], [-0.13743755474583932, 0.4230638471476166, 0.8956159331890775, 1.441], [-0.25278478835608487, -0.8892364180322295, 0.38125902431415193, -0.119], [0.0, 0.0, 0.0, 1.0]]},
{"timestamp": "2020-10-15T22:45:16.715000", "type": "vio", "user": "elahe", "pose": [[-0.8821432821670836, 0.43397473655998386, -0.18300043102456845, 0.216], [-0.0195111121333916, 0.35454520907691744, 0.9348352856112799, 1.715], [0.4705768228789041, 0.8282292090649167, -0.30429234466364585, 0.118], [0.0, 0.0, 0.0, 1.0]]},
{"timestamp": "2020-10-15T22:45:16.782347", "type": "uwb", "src": "elahe", "dst": "static12", "range": 9.390095, "ble_rssi": -90},
{"timestamp": "2020-10-15T22:45:16.839000", "type": "vio", "user": "elahe", "pose": [[-0.7963184264836289, 0.5618603235989422, -0.22403111482097568, 0.31], [-0.02717542521653671, 0.33676829426966043, 0.9411953103575281, 1.706], [0.604266878048878, 0.7555793093646723, -0.2529060049762896, 0.095], [0.0, 0.0, 0.0, 1.0]]},
{"timestamp": "2020-10-15T22:45:16.853000", "type": "vio", "user": "john", "pose": [[0.9829285621366316, -0.03534368026577807, 0.18056097585382205, 0.291], [-0.14155884442576527, 0.4816026737914402, 0.8648814705852923, 1.47], [-0.11752674291775486, -0.8756767033912722, 0.4683778131348002, -0.208], [0.0, 0.0, 0.0, 1.0]]},
{"timestamp": "2020-10-15T22:45:16.834462", "type": "uwb", "src": "john", "dst": "elahe", "range": 0.900549, "ble_rssi": -62},
{"timestamp": "2020-10-15T22:45:16.969000", "type": "vio", "user": "john", "pose": [[0.9864549612455833, 0.11685146874637366, 0.11511882420260336, 0.393], [-0.1603836627225328, 0.539888838647977, 0.8263153893248287, 1.488], [0.03440479858507364, -0.8335860940269779, 0.5513170899574642, -0.303], [0.0, 0.0, 0.0, 1.0]]},
{"timestamp": "2020-10-15T22:45:16.957000", "type": "vio", "user": "elahe", "pose": [[-0.7105771930367953, 0.6542207159635554, -0.2589890104619922, 0.388], [-0.0351057739286475, 0.3346588587226397, 0.941685209035021, 1.701], [0.7027429383300978, 0.6782320422116559, -0.21483402790197637, 0.079], [0.0, 0.0, 0.0, 1.0]]},
{"timestamp": "2020-10-15T22:45:17.029654", "type": "uwb", "src": "john", "dst": "static12", "range": 8.203434, "ble_rssi": -83},
{"timestamp": "2020-10-15T22:45:17.074000", "type": "vio", "user": "elahe", "pose": [[-0.6107415466722184, 0.7360115466922369, -0.29203042016907643, 0.457], [-0.06723225707004687, 0.3192716455437734, 0.9452753249509044, 1.7], [0.7889705867633428, 0.5969527782726803, -0.14550874109425324, 0.053], [0.0, 0.0, 0.0, 1.0]]},
{"timestamp": "2020-10-15T22:45:17.114000", "type": "vio", "user": "john", "pose": [[0.9605341762086196, 0.27797302346211555, -0.010251563907941727, 0.506], [-0.1565126701018363, 0.5705611687302325, 0.8062032850558133, 1.482], [0.2299519089566821, -0.7727813086278169, 0.5915498023012573, -0.408], [0.0, 0.0, 0.0, 1.0]]},
{"timestamp": "2020-10-15T22:45:17.087393", "type": "uwb", "src": "elahe", "dst": "john", "range": 1.17728, "ble_rssi": -68},
{"timestamp": "2020-10-15T22:45:17.196000", "type": "vio", "user": "elahe", "pose": [[-0.42262258774432937, 0.8559384993702154, -0.2979252148176627, 0.547], [-0.1370587752339415, 0.26458367125438287, 0.9545733984544744, 1.691], [0.8958822693075572, 0.44425754490094654, 0.005494846578837365, -0.009], [0.0, 0.0, 0.0, 1.0]]},
{"timestamp": "2020-10-15T22:45:17.231000", "type": "vio", "user": "john", "pose": [[0.9084285702860706, 0.40859251913403016, -0.08837242780252558, 0.631], [-0.19233998992314397, 0.5962139812378537, 0.7794448132182757, 1.457], [0.3711641967706075, -0.6910723854157502, 0.620206495573381, -0.511], [0.0, 0.0, 0.0, 1.0]]},
{"timestamp": "2020-10-15T22:45:17.217597", "type": "uwb", "src": "elahe", "dst": "static12", "range": 8.212816, "ble_rssi": -90},
{"timestamp": "2020-10-15T22:45:17.320584", "type": "uwb", "src": "john", "dst": "elahe", "range": 1.257016, "ble_rssi": -67},
{"timestamp": "2020-10-15T22:45:17.314000", "type": "vio", "user": "elahe", "pose": [[-0.2664241091508821, 0.9449827577590084, -0.18980458793542904, 0.58], [-0.12730271377879965, 0.16069768604128143, 0.9787595581988104, 1.674], [0.955412064570943, 0.284927782497876, 0.07748513169073923, -0.049], [0.0, 0.0, 0.0, 1.0]]},
{"timestamp": "2020-10-15T22:45:17.349000", "type": "vio", "user": "john", "pose": [[0.8886047626658146, 0.4435032763305099, -0.11698897235096695, 0.679], [-0.20933354642800064, 0.6190826274572481, 0.7569122582707369, 1.446], [0.4081189068243568, -0.6481061211443185, 0.6429598849288798, -0.549], [0.0, 0.0, 0.0, 1.0]]},
{"timestamp": "2020-10-15T22:45:17.415119", "type": "uwb", "src": "elahe", "dst": "static7", "range": 9.568328, "ble_rssi": -88},
{"timestamp": "2020-10-15T22:45:17.435000", "type": "vio", "user": "elahe", "pose": [[-0.16433172737508833, 0.9797185273182896, -0.1146590188655095, 0.593], [-0.09466153879999101, 0.10003939897562655, 0.9904702477735576, 1.66], [0.9818524718357322, 0.1736194858933668, 0.07630201614758009, -0.066], [0.0, 0.0, 0.0, 1.0]]},
{"timestamp": "2020-10-15T22:45:17.467000", "type": "vio", "user": "john", "pose": [[0.8596041620402881, 0.4943053029802881, -0.1293945595787545, 0.732], [-0.21909128920418283, 0.5853464332371048, 0.7806206249462339, 1.425], [0.46160555845642, -0.6426755173041566, 0.6114642163364683, -0.579], [0.0, 0.0, 0.0, 1.0]]},
{"timestamp": "2020-10-15T22:45:17.467179", "type": "uwb", "src": "john", "dst": "static12", "range": 9.043008, "ble_rssi": -86},
{"timestamp": "2020-10-15T22:45:17.583000", "type": "vio", "user": "john", "pose": [[0.8224909731761516, 0.5557101851787007, -0.12122206536931196, 0.763], [-0.20401372257311257, 0.48718436130906717, 0.8491347355383231, 1.419], [0.5309303156211826, -0.6736746901765948, 0.5140772429993968, -0.566], [0.0, 0.0, 0.0, 1.0]]},
{"timestamp": "2020-10-15T22:45:17.561675", "type": "uwb", "src": "elahe", "dst": "john", "range": 1.486843, "ble_rssi": -65},
{"timestamp": "2020-10-15T22:45:17.589000", "type": "vio", "user": "elahe", "pose": [[-0.006729402396655648, 0.9999149696441629, -0.011169987685603788, 0.611], [-0.04903150424701619, 0.01082686519087317, 0.9987385496622294, 1.64], [0.9987745625188194, 0.007268594888375224, 0.04895447674819914, -0.063], [0.0, 0.0, 0.0, 1.0]]},
{"timestamp": "2020-10-15T22:45:17.662772", "type": "uwb", "src": "john", "dst": "static7", "range": 10.839415, "ble_rssi": -94},
{"timestamp": "2020-10-15T22:45:17.711000", "type": "vio", "user": "elahe", "pose": [[0.08093527875043091, 0.9967182325409469, -0.0014985239539054285, 0.673], [-0.0368237286273021, 0.004492574813808381, 0.9993116779971727, 1.628], [0.9960389016818432, -0.08082438797784192, 0.03706648950783481, -0.021], [0.0, 0.0, 0.0, 1.0]]},
{"timestamp": "2020-10-15T22:45:17.731000", "type": "vio", "user": "john", "pose": [[0.7756583068649643, 0.6288424166371461, -0.05395744646784878, 0.8], [-0.22294472363820492, 0.35296495768063046, 0.908686628520193, 1.459], [0.590465783253578, -0.6928008037578078, 0.41397730024637114, -0.523], [0.0, 0.0, 0.0, 1.0]]},
{"timestamp": "2020-10-15T22:45:17.708290", "type": "uwb", "src": "elahe", "dst": "static12", "range": 8.433262, "ble_rssi": -90},
{"timestamp": "2020-10-15T22:45:17.808783", "type": "uwb", "src": "john", "dst": "elahe", "range": 1.787026, "ble_rssi": -74},
{"timestamp": "2020-10-15T22:45:17.830000", "type": "vio", "user": "elahe", "pose": [[0.09159941148170797, 0.9952460444549354, -0.03308865081881451, 0.719], [-0.03935391013593731, 0.036820400900580974, 0.9985467078882855, 1.627], [0.995017998617722, -0.0901641229887209, 0.04253955044964036, 0.017], [0.0, 0.0, 0.0, 1.0]]},
{"timestamp": "2020-10-15T22:45:17.848000", "type": "vio", "user": "john", "pose": [[0.7369408583007613, 0.6747746630447393, -0.03996655451494047, 0.859], [-0.18038958389175827, 0.2533015414527984, 0.9504198688584928, 1.576], [0.6514428366252065, -0.6931936837641373, 0.308390576054473, -0.474], [0.0, 0.0, 0.0, 1.0]]},
{"timestamp": "2020-10-15T22:45:17.856226", "type": "uwb", "src": "elahe", "dst": "static7", "range": 9.943557, "ble_rssi": -85},
{"timestamp": "2020-10-15T22:45:17.964000", "type": "vio", "user": "john", "pose": [[0.7235773657768261, 0.6878594750502454, -0.05731612616943382, 0.897], [-0.13786851970485442, 0.22539179345007104, 0.9644640017749513, 1.652], [0.676334286436716, -0.6899622323206986, 0.2579225677624525, -0.454], [0.0, 0.0, 0.0, 1.0]]},
{"timestamp": "2020-10-15T22:45:17.957224", "type": "uwb", "src": "john", "dst": "static12", "range": 9.765323, "ble_rssi": -86},
{"timestamp": "2020-10-15T22:45:17.952000", "type": "vio", "user": "elahe", "pose": [[0.11842776110510178, 0.9926482496356113, -0.02498635417562234, 0.824], [-0.048233240628367646, 0.030884549327905797, 0.9983585022982966, 1.632], [0.9917905121032962, -0.11702818937405152, 0.0515362299136464, 0.113], [0.0, 0.0, 0.0, 1.0]]},
{"timestamp": "2020-10-15T22:45:18.003264", "type": "uwb", "src": "elahe", "dst": "john", "range": 1.749503, "ble_rssi": -65},
{"timestamp": "2020-10-15T22:45:18.082000", "type": "vio", "user": "john", "pose": [[0.6827635178045475, 0.707101316651415, -0.18396115553288628, 0.972], [-0.029983448096531085, 0.2786850487806097, 0.9599143901548678, 1.785], [0.7300239527545668, -0.6498787360546462, 0.21147731989178747, -0.429], [0.0, 0.0, 0.0, 1.0]]},
{"timestamp": "2020-10-15T22:45:18.076000", "type": "vio", "user": "elahe", "pose": [[0.11560841434937805, 0.991334762225316, -0.062370535794543214, 0.91], [-0.05604838790222544, 0.06920205105259272, 0.9960269345472921, 1.66], [0.991712293331682, -0.11165332656840204, 0.06356305468607987, 0.197], [0.0, 0.0, 0.0, 1.0]]},
{"timestamp": "2020-10-15T22:45:18.103989", "type": "uwb", "src": "john", "dst": "static7", "range": 10.178075, "ble_rssi": -94},
{"timestamp": "2020-10-15T22:45:18.201000", "type": "vio", "user": "john", "pose": [[0.6369358005747651, 0.7449698063344181, -0.19832491925182533, 1.027], [0.02543529993108018, 0.23681096474688235, 0.9712227409266461, 1.83], [0.7704971326770784, -0.6236509878335084, 0.13188485095222324, -0.424], [0.0, 0.0, 0.0, 1.0]]},
{"timestamp": "2020-10-15T22:45:18.198353", "type": "uwb", "src": "elahe", "dst": "static12", "range": 9.432308, "ble_rssi": -76},
{"timestamp": "2020-10-15T22:45:18.225000", "type": "vio", "user": "elahe", "pose": [[0.04573550060211162, 0.9928316236027763, -0.11042477601946765, 1.003], [-0.012471955588645445, 0.11109934092510348, 0.9937310434769575, 1.691], [0.9988757251572737, -0.04407157383487653, 0.017463735890350773, 0.286], [0.0, 0.0, 0.0, 1.0]]},
{"timestamp": "2020-10-15T22:45:18.250064", "type": "uwb", "src": "john", "dst": "elahe", "range": 2.415534, "ble_rssi": -68},
{"timestamp": "2020-10-15T22:45:18.352000", "type": "vio", "user": "john", "pose": [[0.5938543513676497, 0.7807349936545366, -0.19439619092193727, 1.075], [0.046965428476278714, 0.2075641521831093, 0.9770933278129301, 1.847], [0.803200633646256, -0.5893810248148115, 0.08659532145846649, -0.425], [0.0, 0.0, 0.0, 1.0]]},
{"timestamp": "2020-10-15T22:45:18.346000", "type": "vio", "user": "elahe", "pose": [[-0.04197662167862504, 0.9917614107759385, -0.12102589527935431, 1.116], [0.03147896770736924, 0.1223853324723565, 0.9919833189059726, 1.69], [0.9986225702559137, 0.037830338239968675, -0.0363569482234356, 0.375], [0.0, 0.0, 0.0, 1.0]]},
{"timestamp": "2020-10-15T22:45:18.344645", "type": "uwb", "src": "elahe", "dst": "static7", "range": 8.677161, "ble_rssi": -85},
{"timestamp": "2020-10-15T22:45:18.445743", "type": "uwb", "src": "john", "dst": "static12", "range": 9.272836, "ble_rssi": -93},
{"timestamp": "2020-10-15T22:45:18.474000", "type": "vio", "user": "john", "pose": [[0.5699257444308323, 0.8113208490636797, -0.13016576243218253, 1.147], [0.06766507488061602, 0.11153336500237532, 0.9914543590769307, 1.831], [0.8189054179063429, -0.5738630397279796, 0.008667650073755695, -0.45], [0.0, 0.0, 0.0, 1.0]]},
{"timestamp": "2020-10-15T22:45:18.472000", "type": "vio", "user": "elahe", "pose": [[-0.07770638259600882, 0.987038943129241, -0.14041311495068415, 1.188], [0.02250447191437921, 0.1425396476431263, 0.9895332220767672, 1.685], [0.9967222616394689, 0.07373312414434041, -0.03328903056890764, 0.425], [0.0, 0.0, 0.0, 1.0]]},
{"timestamp": "2020-10-15T22:45:18.491242", "type": "uwb", "src": "elahe", "dst": "john", "range": 2.36863, "ble_rssi": -65},
{"timestamp": "2020-10-15T22:45:18.595000", "type": "vio", "user": "john", "pose": [[0.6254401412852276, 0.7767627402213881, -0.0739207350671976, 1.188], [0.0152625647148944, 0.08254005398199749, 0.9964708694221687, 1.824], [0.7801228645459881, -0.6243611013607504, 0.0397684714334432, -0.477], [0.0, 0.0, 0.0, 1.0]]},
{"timestamp": "2020-10-15T22:45:18.592017", "type": "uwb", "src": "john", "dst": "static7", "range": 10.210907, "ble_rssi": -94},
{"timestamp": "2020-10-15T22:45:18.596000", "type": "vio", "user": "elahe", "pose": [[-0.16420324318272922, 0.969616277686651, -0.1813327575849354, 1.349], [0.011714880597179123, 0.1857318351880229, 0.9825306341128929, 1.693], [0.9863569620076028, 0.15921042504425575, -0.04185670861833379, 0.535], [0.0, 0.0, 0.0, 1.0]]},
{"timestamp": "2020-10-15T22:45:18.637768", "type": "uwb", "src": "elahe", "dst": "static12", "range": 9.788775, "ble_rssi": -85},
{"timestamp": "2020-10-15T22:45:18.715000", "type": "vio", "user": "john", "pose": [[0.7217292871435446, 0.6848809872612422, -0.10022409574218089, 1.264], [0.004493914615622263, 0.14015633702959646, 0.9901191877354334, 1.821], [0.6921608489438702, -0.7150484140801328, 0.09807713653440592, -0.544], [0.0, 0.0, 0.0, 1.0]]},
{"timestamp": "2020-10-15T22:45:18.720000", "type": "vio", "user": "elahe", "pose": [[-0.213656151744807, 0.9646393918676106, -0.15434342382779465, 1.465], [0.01378588238356021, 0.16095307975130968, 0.9868657738342511, 1.707], [0.9768116493308762, 0.2087221832385212, -0.04768702082997578, 0.618], [0.0, 0.0, 0.0, 1.0]]},
{"timestamp": "2020-10-15T22:45:18.738584", "type": "uwb", "src": "john", "dst": "elahe", "range": 2.016854, "ble_rssi": -86},
{"timestamp": "2020-10-15T22:45:18.784232", "type": "uwb", "src": "elahe", "dst": "static7", "range": 8.076795, "ble_rssi": -85},
{"timestamp": "2020-10-15T22:45:18.835000", "type": "vio", "user": "john", "pose": [[0.7887090855093233, 0.6002321900158294, -0.13288828580371045, 1.324], [0.05934344823172616, 0.14081694487137048, 0.9882555050132846, 1.83], [0.6118956884853952, -0.7873321447177772, 0.07544375591849545, -0.6], [0.0, 0.0, 0.0, 1.0]]},
{"timestamp": "2020-10-15T22:45:18.873000", "type": "vio", "user": "elahe", "pose": [[-0.25338504456691846, 0.9546205908368656, -0.15651053236154627, 1.59], [-0.06722460366061112, 0.144022989885891, 0.9872883221465766, 1.714], [0.9650268762332448, 0.2606854540142246, 0.027680719154369315, 0.716], [0.0, 0.0, 0.0, 1.0]]},
{"timestamp": "2020-10-15T22:45:18.986000", "type": "vio", "user": "john", "pose": [[0.797974631955585, 0.5795493366310327, -0.16540572289337144, 1.389], [0.10765336599067826, 0.1329694676466533, 0.9852562476151283, 1.845], [0.5929985156357694, -0.8040159743962154, 0.04371582516067285, -0.657], [0.0, 0.0, 0.0, 1.0]]},
{"timestamp": "2020-10-15T22:45:18.979617", "type": "uwb", "src": "elahe", "dst": "john", "range": 2.307656, "ble_rssi": -75},
{"timestamp": "2020-10-15T22:45:18.999000", "type": "vio", "user": "elahe", "pose": [[-0.2552542942404775, 0.9453329386445641, -0.20295536550046805, 1.722], [-0.15546470602353746, 0.16704935476386673, 0.9736145224132551, 1.694], [0.9542934404326642, 0.2800716840143049, 0.1043258422471659, 0.828], [0.0, 0.0, 0.0, 1.0]]},
{"timestamp": "2020-10-15T22:45:19.080415", "type": "uwb", "src": "john", "dst": "static7", "range": 10.037364, "ble_rssi": -94},
{"timestamp": "2020-10-15T22:45:19.103000", "type": "vio", "user": "john", "pose": [[0.8050094397986707, 0.5603452497673781, -0.1948666284877032, 1.457], [0.10780659856419109, 0.1848291591333175, 0.9768397612915282, 1.875], [0.5833845551101342, -0.8073731374012917, 0.08838030245334821, -0.729], [0.0, 0.0, 0.0, 1.0]]},
{"timestamp": "2020-10-15T22:45:19.127000", "type": "vio", "user": "elahe", "pose": [[-0.2272212914499122, 0.959482748279626, -0.16662334910092724, 1.796], [-0.1700860886637265, 0.129368909716863, 0.9769004082513963, 1.678], [0.9588749695110979, 0.2503128861094561, 0.1337992970558718, 0.891], [0.0, 0.0, 0.0, 1.0]]},
{"timestamp": "2020-10-15T22:45:19.125965", "type": "uwb", "src": "elahe", "dst": "static12", "range": 9.835679, "ble_rssi": -86},
{"timestamp": "2020-10-15T22:45:19.221000", "type": "vio", "user": "john", "pose": [[0.8313588850174213, 0.505923344947735, -0.229965156794425, 1.489], [0.1560595683841651, 0.18461899929513736, 0.970340783547208, 1.885], [0.5333739920715459, -0.8425896950094729, 0.07453046655902085, -0.779], [0.0, 0.0, 0.0, 1.0]]},
{"timestamp": "2020-10-15T22:45:19.226732", "type": "uwb", "src": "john", "dst": "elahe", "range": 2.345178, "ble_rssi": -86},
{"timestamp": "2020-10-15T22:45:19.253000", "type": "vio", "user": "elahe", "pose": [[-0.16217729517867496, 0.9747155398244247, -0.1537144799728038, 1.933], [-0.18257443957845915, 0.12344671745955571, 0.9754114423980644, 1.695], [0.9697242386065952, 0.18625392445057692, 0.15793788869558278, 0.997], [0.0, 0.0, 0.0, 1.0]]},
{"timestamp": "2020-10-15T22:45:19.272476", "type": "uwb", "src": "elahe", "dst": "static7", "range": 8.217506, "ble_rssi": -85},
{"timestamp": "2020-10-15T22:45:19.339000", "type": "vio", "user": "john", "pose": [[0.8674412928575144, 0.43183009438756115, -0.24712015908645318, 1.524], [0.19494492391778395, 0.16197929795500277, 0.967346465167829, 1.887], [0.4577576652382495, -0.8872910889979875, 0.05632444673844761, -0.854], [0.0, 0.0, 0.0, 1.0]]},
{"timestamp": "2020-10-15T22:45:19.373428", "type": "uwb", "src": "john", "dst": "static12", "range": 10.229669, "ble_rssi": -93},
{"timestamp": "2020-10-15T22:45:19.380000", "type": "vio", "user": "elahe", "pose": [[-0.11344782848334445, 0.9846102753545339, -0.13293681160116166, 2.05], [-0.11611964873216085, 0.11974376133472986, 0.9859906991446374, 1.696], [0.9867349276227803, 0.12729507958943403, 0.10074792961439172, 1.062], [0.0, 0.0, 0.0, 1.0]]},
{"timestamp": "2020-10-15T22:45:19.418991", "type": "uwb", "src": "elahe", "dst": "john", "range": 2.349869, "ble_rssi": -67},
{"timestamp": "2020-10-15T22:45:19.460000", "type": "vio", "user": "john", "pose": [[0.9124024423148027, 0.34277348629445686, -0.2236696679291289, 1.547], [0.18206437558084926, 0.1495368195944798, 0.9718494238975107, 1.887], [0.3665710659644845, -0.9274400663542156, 0.07403091866612038, -0.931], [0.0, 0.0, 0.0, 1.0]]},
{"timestamp": "2020-10-15T22:45:19.530000", "type": "vio", "user": "elahe", "pose": [[-0.05659359325353208, 0.987010651265962, -0.15035670749985025, 2.168], [-0.10026977878139931, 0.14421774145200947, 0.9844527487460282, 1.68], [0.9933494534481726, 0.0707899522391639, 0.0908055394576448, 1.117], [0.0, 0.0, 0.0, 1.0]]},
{"timestamp": "2020-10-15T22:45:19.568371", "type": "uwb", "src": "john", "dst": "static7", "range": 10.356308, "ble_rssi": -94},
{"timestamp": "2020-10-15T22:45:19.565609", "type": "uwb", "src": "elahe", "dst": "static12", "range": 10.454806, "ble_rssi": -83},
{"timestamp": "2020-10-15T22:45:19.606000", "type": "vio", "user": "john", "pose": [[0.9708366691554149, 0.19392445599863273, -0.14095909757392033, 1.546], [0.10217060818408343, 0.1972257954249012, 0.9750195651587252, 1.906], [0.2168809089028219, -0.9609866237282647, 0.17166065469069053, -1.02], [0.0, 0.0, 0.0, 1.0]]},
{"timestamp": "2020-10-15T22:45:19.656000", "type": "vio", "user": "elahe", "pose": [[-0.0768776552890606, 0.981920265015988, -0.17298097949829117, 2.337], [-0.07378813733192552, 0.1674154435865231, 0.9831212438137081, 1.678], [0.9943063596831417, 0.08834400036029366, 0.05958356060189046, 1.192], [0.0, 0.0, 0.0, 1.0]]},
{"timestamp": "2020-10-15T22:45:19.715066", "type": "uwb", "src": "john", "dst": "elahe", "range": 2.49996, "ble_rssi": -80},
{"timestamp": "2020-10-15T22:45:19.727000", "type": "vio", "user": "john", "pose": [[0.9946741435163442, 0.030738085769271496, -0.09837946077951353, 1.523], [0.08974417902871565, 0.21112374572582543, 0.9733307486775289, 1.916], [0.05068856429697695, -0.9769759127398883, 0.20724076668352037, -1.105], [0.0, 0.0, 0.0, 1.0]]},
{"timestamp": "2020-10-15T22:45:19.777000", "type": "vio", "user": "elahe", "pose": [[-0.08811447754225976, 0.9785694505953708, -0.18611198029393156, 2.445], [-0.0553273464687129, 0.18174229556903368, 0.9817884816670183, 1.704], [0.9945726336372753, 0.09680686113479842, 0.03812752361539179, 1.244], [0.0, 0.0, 0.0, 1.0]]},
{"timestamp": "2020-10-15T22:45:19.761183", "type": "uwb", "src": "elahe", "dst": "static7", "range": 8.362907, "ble_rssi": -85},
{"timestamp": "2020-10-15T22:45:19.847000", "type": "vio", "user": "john", "pose": [[0.9892906372600996, -0.12660375357862366, -0.0726328067013042, 1.504], [0.09320926771006094, 0.16504182313246357, 0.9818723079046819, 1.906], [-0.1123212688784278, -0.9781271319194226, 0.17507497354169205, -1.168], [0.0, 0.0, 0.0, 1.0]]},
{"timestamp": "2020-10-15T22:45:19.861673", "type": "uwb", "src": "john", "dst": "static12", "range": 9.798156, "ble_rssi": -93},
{"timestamp": "2020-10-15T22:45:19.903000", "type": "vio", "user": "elahe", "pose": [[-0.12044217704103871, 0.981010218334927, -0.15202839705816096, 2.601], [-0.03618522171433719, 0.14870305749002455, 0.9882196266127296, 1.726], [0.9920606391340699, 0.1245245044783444, 0.01758795227772228, 1.326], [0.0, 0.0, 0.0, 1.0]]},
{"timestamp": "2020-10-15T22:45:19.907196", "type": "uwb", "src": "elahe", "dst": "john", "range": 2.49996, "ble_rssi": -70},
{"timestamp": "2020-10-15T22:45:19.966000", "type": "vio", "user": "john", "pose": [[0.9649449077129203, -0.2589757433959246, -0.04257803907452955, 1.49], [0.0804287399764033, 0.1373647689323495, 0.987249785030096, 1.886], [-0.2498250244965705, -0.9560661507388967, 0.15337852700621923, -1.288], [0.0, 0.0, 0.0, 1.0]]},
{"timestamp": "2020-10-15T22:45:20.008221", "type": "uwb", "src": "john", "dst": "static7", "range": 10.257811, "ble_rssi": -94},
{"timestamp": "2020-10-15T22:45:20.025000", "type": "vio", "user": "elahe", "pose": [[-0.15428436530014733, 0.9790885801941196, -0.13259670718910715, 2.737], [-0.039136014756530224, 0.1280423089888597, 0.9909962358444043, 1.704], [0.9872510860834276, 0.15808453195130923, 0.018562698748515682, 1.408], [0.0, 0.0, 0.0, 1.0]]},
{"timestamp": "2020-10-15T22:45:20.053903", "type": "uwb", "src": "elahe", "dst": "static12", "range": 11.041101, "ble_rssi": -80},
{"timestamp": "2020-10-15T22:45:20.090000", "type": "vio", "user": "john", "pose": [[0.9520580915105412, -0.3046541859853029, -0.027770800329446788, 1.486], [0.08629463468137637, 0.1803600897071907, 0.9798078760991982, 1.873], [-0.2934938268763303, -0.9352304876352386, 0.19800330447505182, -1.399], [0.0, 0.0, 0.0, 1.0]]},
{"timestamp": "2020-10-15T22:45:20.154461", "type": "uwb", "src": "john", "dst": "elahe", "range": 2.748549, "ble_rssi": -69},
{"timestamp": "2020-10-15T22:45:20.182000", "type": "vio", "user": "elahe", "pose": [[-0.16372354437868647, 0.9810980594380783, -0.10315618635310675, 2.847], [-0.07584361177568705, 0.09173947021800094, 0.992890535838135, 1.676], [0.9835864718309717, 0.17038329545749814, 0.0593901091103875, 1.49], [0.0, 0.0, 0.0, 1.0]]},
{"timestamp": "2020-10-15T22:45:20.200192", "type": "uwb", "src": "elahe", "dst": "static7", "range": 8.104937, "ble_rssi": -85},
{"timestamp": "2020-10-15T22:45:20.240000", "type": "vio", "user": "john", "pose": [[0.9496789956592935, -0.3120430111826676, -0.027183899198038958, 1.489], [0.0949237127336054, 0.20401120466101114, 0.9743556420186785, 1.875], [-0.2984950484755543, -0.9279054841657186, 0.22336543709974438, -1.518], [0.0, 0.0, 0.0, 1.0]]},
{"timestamp": "2020-10-15T22:45:20.332000", "type": "vio", "user": "elahe", "pose": [[-0.16775391238419884, 0.9844044754114428, -0.05297597256980063, 2.994], [-0.15639734580015074, 0.0264819849285938, 0.9873391386453337, 1.671], [0.9733439757385167, 0.17391530485889806, 0.14951579056866843, 1.593], [0.0, 0.0, 0.0, 1.0]]},
{"timestamp": "2020-10-15T22:45:20.349785", "type": "uwb", "src": "john", "dst": "static12", "range": 10.295333, "ble_rssi": -93},
{"timestamp": "2020-10-15T22:45:20.361000", "type": "vio", "user": "john", "pose": [[0.9583339173406109, -0.28137070178986545, -0.04926084701745813, 1.507], [0.09856774718024598, 0.16387310956844192, 0.981544702586785, 1.877], [-0.2681053936242423, -0.9455031105896203, 0.18477923523746398, -1.697], [0.0, 0.0, 0.0, 1.0]]},
{"timestamp": "2020-10-15T22:45:20.346651", "type": "uwb", "src": "elahe", "dst": "john", "range": 3.395818, "ble_rssi": -75},
{"timestamp": "2020-10-15T22:45:20.455000", "type": "vio", "user": "elahe", "pose": [[-0.1723250252580014, 0.9818272302740256, -0.0794945002013645, 3.142], [-0.10665622036369532, 0.06162952333079835, 0.9923841254835497, 1.698], [0.9792489654462548, 0.17949120242077088, 0.09409767226656465, 1.673], [0.0, 0.0, 0.0, 1.0]]},
{"timestamp": "2020-10-15T22:45:20.490000", "type": "vio", "user": "john", "pose": [[0.9588599623346143, -0.28304217963430195, -0.02178754643198441, 1.52], [0.07296768853684772, 0.17156543261214646, 0.9824668028804825, 1.881], [-0.2743415554764752, -0.9436378685070194, 0.18516015785875078, -1.786], [0.0, 0.0, 0.0, 1.0]]},
{"timestamp": "2020-10-15T22:45:20.496249", "type": "uwb", "src": "john", "dst": "static7", "range": 9.436999, "ble_rssi": -94},
{"timestamp": "2020-10-15T22:45:20.542351", "type": "uwb", "src": "elahe", "dst": "static12", "range": 11.486684, "ble_rssi": -93},
{"timestamp": "2020-10-15T22:45:20.577000", "type": "vio", "user": "elahe", "pose": [[-0.14226170187883777, 0.9869729794024543, -0.07513951096446736, 3.277], [-0.06590375017866801, 0.06629856895684885, 0.99562100995643, 1.693], [0.9876326766014399, 0.14659071486187852, 0.055613473415702136, 1.731], [0.0, 0.0, 0.0, 1.0]]},
