{"timestamp": "2020-10-15T22:53:19.425000", "type": "vio", "user": "john", "pose": [[0.9691693964388717, -0.24555358581144693, 0.020349877185233456, 0.003], [0.08606427139565143, 0.41475615922549747, 0.9058533377835785, 1.371], [-0.2308757722140835, -0.8761739352889097, 0.4231023669573316, 0.036], [0.0, 0.0, 0.0, 1.0]]},
{"timestamp": "2020-10-15T22:53:19.453954", "type": "uwb", "src": "elahe", "dst": "static12", "range": 10.792511, "ble_rssi": -85},
{"timestamp": "2020-10-15T22:53:19.523471", "type": "uwb", "src": "john", "dst": "static12", "range": 7.879799, "ble_rssi": -89},
{"timestamp": "2020-10-15T22:53:19.548000", "type": "vio", "user": "john", "pose": [[0.9724050316352817, -0.23197739265261214, 0.02479805936929501, 0.013], [0.07687498436992023, 0.4189611623777727, 0.9047440418135897, 1.374], [-0.22026958761597526, -0.8778713081751572, 0.42523320079025684, 0.033], [0.0, 0.0, 0.0, 1.0]]},
{"timestamp": "2020-10-15T22:53:19.595000", "type": "vio", "user": "elahe", "pose": [[0.4675505317979606, 0.8839237536422462, -0.00867743985546926, 0.01], [-0.19154719032411488, 0.11089216552286468, 0.9751987497451922, 1.291], [0.8629635995187634, -0.4542925548285494, 0.22116080243336037, 0.002], [0.0, 0.0, 0.0, 1.0]]},
{"timestamp": "2020-10-15T22:53:19.600419", "type": "uwb", "src": "elahe", "dst": "john", "range": 0.872406, "ble_rssi": -54},
{"timestamp": "2020-10-15T22:53:19.669000", "type": "vio", "user": "john", "pose": [[0.9740561200242129, -0.22161856593277407, 0.04582451611612212, 0.022], [0.05404891617015102, 0.42444407758150593, 0.9038395541614764, 1.376], [-0.2197575703001106, -0.8779136838208442, 0.42541059466814735, 0.031], [0.0, 0.0, 0.0, 1.0]]},
{"timestamp": "2020-10-15T22:53:19.722000", "type": "vio", "user": "elahe", "pose": [[0.4687260926741704, 0.8832897480386617, -0.009750438769744574, 0.009], [-0.19035856613547603, 0.11178203019135857, 0.975329889845043, 1.292], [0.8625888164967423, -0.45530648879199564, 0.22053692416158724, 0.002], [0.0, 0.0, 0.0, 1.0]]},
{"timestamp": "2020-10-15T22:53:19.789000", "type": "vio", "user": "john", "pose": [[0.9765608919211117, -0.20776654016862411, 0.05623067807347279, 0.037], [0.03702415852822623, 0.41949788470492777, 0.9070009572284741, 1.375], [-0.21203310132033584, -0.8836597702251987, 0.41735760976652814, 0.027], [0.0, 0.0, 0.0, 1.0]]},
{"timestamp": "2020-10-15T22:53:19.816286", "type": "uwb", "src": "john", "dst": "elahe", "range": 0.905239, "ble_rssi": -54},
{"timestamp": "2020-10-15T22:53:19.845000", "type": "vio", "user": "elahe", "pose": [[0.4696799578907761, 0.8827966608826524, -0.008413839204407803, 0.009], [-0.1915489349608629, 0.11120517639241634, 0.9751627629574922, 1.292], [0.8618060934288394, -0.4564027435039916, 0.22132960274430458, 0.002], [0.0, 0.0, 0.0, 1.0]]},
{"timestamp": "2020-10-15T22:53:19.909000", "type": "vio", "user": "john", "pose": [[0.9798220783259324, -0.19403401449650687, 0.047953060834733996, 0.049], [0.03695419371804705, 0.4116505999882011, 0.9105922090024727, 1.375], [-0.19642576814588097, -0.8904462840327445, 0.41051471698415054, 0.023], [0.0, 0.0, 0.0, 1.0]]},
{"timestamp": "2020-10-15T22:53:19.942191", "type": "uwb", "src": "elahe", "dst": "static12", "range": 11.130217, "ble_rssi": -88},
{"timestamp": "2020-10-15T22:53:19.969000", "type": "vio", "user": "elahe", "pose": [[0.4703917157764611, 0.8824113150565285, -0.00905012646792236, 0.009], [-0.19209133272506157, 0.11239805366317268, 0.9749192773889747, 1.292], [0.8612970182351655, -0.4568555007799938, 0.2223746788334372, 0.003], [0.0, 0.0, 0.0, 1.0]]},
{"timestamp": "2020-10-15T22:53:20.012078", "type": "uwb", "src": "john", "dst": "static12", "range": 7.931394, "ble_rssi": -89},
{"timestamp": "2020-10-15T22:53:20.028000", "type": "vio", "user": "john", "pose": [[0.9812504749373085, -0.18194398339419202, 0.06359160590802017, 0.059], [0.01962940891802284, 0.42256422152275924, 0.906120392108242, 1.376], [-0.19173469102078533, -0.8878827994704702, 0.41821279591094, 0.021], [0.0, 0.0, 0.0, 1.0]]},
{"timestamp": "2020-10-15T22:53:20.093000", "type": "vio", "user": "elahe", "pose": [[0.4696799578907761, 0.8827966608826524, -0.008413839204407803, 0.009], [-0.1915489349608629, 0.11120517639241634, 0.9751627629574922, 1.292], [0.8618060934288394, -0.4564027435039916, 0.22132960274430458, 0.002], [0.0, 0.0, 0.0, 1.0]]},
{"timestamp": "2020-10-15T22:53:20.088649", "type": "uwb", "src": "elahe", "dst": "john", "range": 0.881787, "ble_rssi": -57},
{"timestamp": "2020-10-15T22:53:20.153000", "type": "vio", "user": "john", "pose": [[0.9836460327079348, -0.15844968310063384, 0.08563982872034259, 0.071], [-0.010609978780042467, 0.4236791526416947, 0.9057501884996233, 1.375], [-0.17979964040071927, -0.8918462163075678, 0.41506916986166026, 0.017], [0.0, 0.0, 0.0, 1.0]]},
{"timestamp": "2020-10-15T22:53:20.218000", "type": "vio", "user": "elahe", "pose": [[0.47134305731388526, 0.8819162361675276, -0.007711984576030784, 0.009], [-0.19328161343677308, 0.11182377635244717, 0.9747500504998988, 1.292], [0.8605102789794419, -0.4579510840978317, 0.2231655536688926, 0.003], [0.0, 0.0, 0.0, 1.0]]},
{"timestamp": "2020-10-15T22:53:20.275000", "type": "vio", "user": "john", "pose": [[0.9847395160475245, -0.15394976348751588, 0.08116375950277838, 0.078], [-0.009714673981024977, 0.41701348826643886, 0.9088483788362604, 1.373], [-0.1737633754389265, -0.8957673921984403, 0.409154088859046, 0.013], [0.0, 0.0, 0.0, 1.0]]},
{"timestamp": "2020-10-15T22:53:20.353509", "type": "uwb", "src": "john", "dst": "elahe", "range": 0.942762, "ble_rssi": -60},
{"timestamp": "2020-10-15T22:53:20.341000", "type": "vio", "user": "elahe", "pose": [[0.47171467709197784, 0.8816753822003136, -0.011566496355473799, 0.009], [-0.19229300190975168, 0.11566496355473793, 0.9744973153490044, 1.293], [0.8605281313429252, -0.45746053013108284, 0.22410086688730463, 0.003], [0.0, 0.0, 0.0, 1.0]]},
{"timestamp": "2020-10-15T22:53:20.394000", "type": "vio", "user": "john", "pose": [[0.9857086002387898, -0.14591387161739205, 0.08418846408450843, 0.083], [-0.014879375066247216, 0.4223902596090963, 0.9062919357386988, 1.373], [-0.16780095236000087, -0.8945924271180609, 0.414182604330618, 0.011], [0.0, 0.0, 0.0, 1.0]]},
{"timestamp": "2020-10-15T22:53:20.430543", "type": "uwb", "src": "elahe", "dst": "static12", "range": 11.224024, "ble_rssi": -86},
{"timestamp": "2020-10-15T22:53:20.468000", "type": "vio", "user": "elahe", "pose": [[0.4696799578907761, 0.8827966608826524, -0.008413839204407803, 0.009], [-0.1915489349608629, 0.11120517639241634, 0.9751627629574922, 1.292], [0.8618060934288394, -0.4564027435039916, 0.22132960274430458, 0.002], [0.0, 0.0, 0.0, 1.0]]},
{"timestamp": "2020-10-15T22:53:20.499991", "type": "uwb", "src": "john", "dst": "static12", "range": 8.072105, "ble_rssi": -86},
{"timestamp": "2020-10-15T22:53:20.519000", "type": "vio", "user": "john", "pose": [[0.9872904158972833, -0.1322813033275384, 0.0880868404890179, 0.088], [-0.024859010240887942, 0.4189001298366139, 0.9076919691352964, 1.377], [-0.1569702656149034, -0.8983453333840145, 0.41028770113171914, 0.012], [0.0, 0.0, 0.0, 1.0]]},
{"timestamp": "2020-10-15T22:53:20.591000", "type": "vio", "user": "elahe", "pose": [[0.46982744821845895, 0.8827032045330858, -0.009860101802349752, 0.009], [-0.19294426481416277, 0.11358325063226304, 0.9746134391907034, 1.292], [0.8614143483689215, -0.4559976950411372, 0.22367704965265553, 0.003], [0.0, 0.0, 0.0, 1.0]]},
{"timestamp": "2020-10-15T22:53:20.576866", "type": "uwb", "src": "elahe", "dst": "john", "range": 0.928691, "ble_rssi": -58},
{"timestamp": "2020-10-15T22:53:20.638000", "type": "vio", "user": "john", "pose": [[0.9893600096854529, -0.12276111450746771, 0.07807995901692653, 0.091], [-0.018294299690725886, 0.4274436507753865, 0.9038568714186086, 1.381], [-0.14433325962516896, -0.8956682612310731, 0.42064982585195465, 0.016], [0.0, 0.0, 0.0, 1.0]]},
{"timestamp": "2020-10-15T22:53:20.695254", "type": "uwb", "src": "john", "dst": "static7", "range": 10.764369, "ble_rssi": -86},
{"timestamp": "2020-10-15T22:53:20.759000", "type": "vio", "user": "john", "pose": [[0.9911018126085296, -0.11742889742805818, 0.0626709748840518, 0.093], [-0.006118627844752318, 0.430144333275384, 0.9027393948113556, 1.382], [-0.1329652565047888, -0.895090110882645, 0.4255983246709388, 0.017], [0.0, 0.0, 0.0, 1.0]]},
{"timestamp": "2020-10-15T22:53:20.841736", "type": "uwb", "src": "john", "dst": "elahe", "range": 0.961523, "ble_rssi": -60},
{"timestamp": "2020-10-15T22:53:20.844000", "type": "vio", "user": "elahe", "pose": [[0.4703917157764611, 0.8824113150565285, -0.00905012646792236, 0.009], [-0.19209133272506157, 0.11239805366317268, 0.9749192773889747, 1.292], [0.8612970182351655, -0.4568555007799938, 0.2223746788334372, 0.002], [0.0, 0.0, 0.0, 1.0]]},
{"timestamp": "2020-10-15T22:53:20.883000", "type": "vio", "user": "john", "pose": [[0.9919008175193579, -0.11270845543449344, 0.05856255013231932, 0.097], [-0.004788699150075917, 0.42755642323779264, 0.9039759804931521, 1.381], [-0.12692453098152331, -0.8969349525030655, 0.4235538388604736, 0.019], [0.0, 0.0, 0.0, 1.0]]},
{"timestamp": "2020-10-15T22:53:20.918708", "type": "uwb", "src": "elahe", "dst": "static12", "range": 10.740918, "ble_rssi": -86},
{"timestamp": "2020-10-15T22:53:20.988284", "type": "uwb", "src": "john", "dst": "static12", "range": 8.039272, "ble_rssi": -86},
{"timestamp": "2020-10-15T22:53:21.003000", "type": "vio", "user": "john", "pose": [[0.9913570976485984, -0.11189178974270267, 0.06849330135072842, 0.097], [-0.014116207241680306, 0.42807863401348006, 0.9036312388326682, 1.379], [-0.13042943546169633, -0.8967881079102953, 0.42279930448832975, 0.019], [0.0, 0.0, 0.0, 1.0]]},
{"timestamp": "2020-10-15T22:53:21.065064", "type": "uwb", "src": "elahe", "dst": "john", "range": 1.003736, "ble_rssi": -58},
{"timestamp": "2020-10-15T22:53:21.095000", "type": "vio", "user": "elahe", "pose": [[0.47171467709197784, 0.8816753822003136, -0.011566496355473799, 0.009], [-0.19229300190975168, 0.11566496355473793, 0.9744973153490044, 1.292], [0.8605281313429252, -0.45746053013108284, 0.22410086688730463, 0.003], [0.0, 0.0, 0.0, 1.0]]},
{"timestamp": "2020-10-15T22:53:21.121000", "type": "vio", "user": "john", "pose": [[0.9908813374305003, -0.11630343294354265, 0.06802710208063846, 0.096], [-0.011809677657977184, 0.4279753610178672, 0.9037132409538108, 1.378], [-0.13421887589142373, -0.8962759629975429, 0.4226992920591061, 0.018], [0.0, 0.0, 0.0, 1.0]]},
{"timestamp": "2020-10-15T22:53:21.134949", "type": "uwb", "src": "john", "dst": "static7", "range": 10.684634, "ble_rssi": -88},
{"timestamp": "2020-10-15T22:53:21.219000", "type": "vio", "user": "elahe", "pose": [[0.4732286706884626, 0.880889272678572, -0.009418838476514868, 0.009], [-0.1926304385196913, 0.11390557974230126, 0.9746378984316593, 1.292], [0.8596209277316029, -0.45941224209133386, 0.2235894729688132, 0.002], [0.0, 0.0, 0.0, 1.0]]},
{"timestamp": "2020-10-15T22:53:21.245000", "type": "vio", "user": "john", "pose": [[0.9909887834857707, -0.11680776904882159, 0.06555284963470068, 0.095], [-0.008761182759672546, 0.4318272966850524, 0.9019137583573784, 1.378], [-0.13365804383591784, -0.8943607386997245, 0.42691263320548267, 0.014], [0.0, 0.0, 0.0, 1.0]]},
{"timestamp": "2020-10-15T22:53:21.330037", "type": "uwb", "src": "john", "dst": "elahe", "range": 0.961523, "ble_rssi": -60},
{"timestamp": "2020-10-15T22:53:21.341000", "type": "vio", "user": "elahe", "pose": [[0.47134305731388526, 0.8819162361675276, -0.007711984576030784, 0.009], [-0.19328161343677308, 0.11182377635244717, 0.9747500504998988, 1.292], [0.8605102789794419, -0.4579510840978317, 0.2231655536688926, 0.002], [0.0, 0.0, 0.0, 1.0]]},
{"timestamp": "2020-10-15T22:53:21.366000", "type": "vio", "user": "john", "pose": [[0.9913564826380213, -0.11407044716462653, 0.06480939295528354, 0.093], [-0.0094928803397452, 0.4303272545590806, 0.9026230327254559, 1.376], [-0.13085186110417185, -0.8954364226829876, 0.42552485635773163, 0.01], [0.0, 0.0, 0.0, 1.0]]},
{"timestamp": "2020-10-15T22:53:21.485000", "type": "vio", "user": "john", "pose": [[0.9905088584321411, -0.11645854777931497, 0.07300416437840924, 0.092], [-0.015024973266151105, 0.4362133866309748, 0.8997178065939827, 1.374], [-0.13662522294879603, -0.8922753431385789, 0.430323437057666, 0.007], [0.0, 0.0, 0.0, 1.0]]},
{"timestamp": "2020-10-15T22:53:21.467000", "type": "vio", "user": "elahe", "pose": [[0.471113564056879, 0.8820566350516619, -0.005301162416338268, 0.009], [-0.19566108554848333, 0.11036056303104108, 0.974442038157971, 1.292], [0.8600981044994891, -0.45803563037040146, 0.22457651691032815, 0.003], [0.0, 0.0, 0.0, 1.0]]},
{"timestamp": "2020-10-15T22:53:21.608000", "type": "vio", "user": "john", "pose": [[0.9905506389477403, -0.10996966637010233, 0.08195184048373683, 0.092], [-0.02530371159132966, 0.44074634139995045, 0.8972749772072445, 1.368], [-0.1347930037499212, -0.8908699877204344, 0.4337989293659759, -0.002], [0.0, 0.0, 0.0, 1.0]]},
{"timestamp": "2020-10-15T22:53:21.593000", "type": "vio", "user": "elahe", "pose": [[0.47149103952685334, 0.881823325822118, -0.009155418172075491, 0.009], [-0.19467310218518374, 0.11420179509378353, 0.974197276368064, 1.292], [0.8601154474438206, -0.4575429728816473, 0.22551240550164844, 0.003], [0.0, 0.0, 0.0, 1.0]]},
{"timestamp": "2020-10-15T22:53:21.623010", "type": "uwb", "src": "john", "dst": "static7", "range": 10.694014, "ble_rssi": -88},
{"timestamp": "2020-10-15T22:53:21.602003", "type": "uwb", "src": "elahe", "dst": "john", "range": 0.947452, "ble_rssi": -57},
{"timestamp": "2020-10-15T22:53:21.728000", "type": "vio", "user": "john", "pose": [[0.988957321295981, -0.10059130796282068, 0.10883384316198363, 0.094], [-0.053190734542998, 0.4445182843774579, 0.8941891525918318, 1.361], [-0.13832628966994887, -0.8901038611400643, 0.4342590862258324, -0.01], [0.0, 0.0, 0.0, 1.0]]},
{"timestamp": "2020-10-15T22:53:21.715000", "type": "vio", "user": "elahe", "pose": [[0.471113564056879, 0.8820566350516619, -0.005301162416338268, 0.009], [-0.19566108554848333, 0.11036056303104108, 0.974442038157971, 1.292], [0.8600981044994891, -0.45803563037040146, 0.22457651691032815, 0.003], [0.0, 0.0, 0.0, 1.0]]},
{"timestamp": "2020-10-15T22:53:21.769363", "type": "uwb", "src": "john", "dst": "elahe", "range": 0.905239, "ble_rssi": -60},
{"timestamp": "2020-10-15T22:53:21.844000", "type": "vio", "user": "john", "pose": [[0.9871959667295198, -0.0835463170898833, 0.13588280308297115, 0.098], [-0.0835463170898833, 0.4548602809885114, 0.8866352901163866, 1.356], [-0.13588280308297115, -0.8866352901163866, 0.4420562477180312, -0.015], [0.0, 0.0, 0.0, 1.0]]},
{"timestamp": "2020-10-15T22:53:21.836000", "type": "vio", "user": "elahe", "pose": [[0.47417899536255004, 0.8803913979656024, -0.008078783642013365, 0.008], [-0.19382080061765977, 0.11333399339735956, 0.974468523446774, 1.292], [0.8588293064427248, -0.4605066691469071, 0.2243787647401798, 0.003], [0.0, 0.0, 0.0, 1.0]]},
{"timestamp": "2020-10-15T22:53:21.966000", "type": "vio", "user": "john", "pose": [[0.9919766301846775, -0.02088477160407371, 0.1246843674343224, 0.108], [-0.09976189999799917, 0.47648012165109327, 0.8735068728866124, 1.347], [-0.07765261409792112, -0.8789371536045139, 0.47057364092919013, -0.022], [0.0, 0.0, 0.0, 1.0]]},
{"timestamp": "2020-10-15T22:53:21.957000", "type": "vio", "user": "elahe", "pose": [[0.4760613442110724, 0.8793576509841042, -0.009783568043676194, 0.007], [-0.19316449648309308, 0.11541471713313867, 0.9743546173583367, 1.293], [0.8579353552840564, -0.46196273088291007, 0.22480516326104272, 0.002], [0.0, 0.0, 0.0, 1.0]]},
{"timestamp": "2020-10-15T22:53:22.084000", "type": "vio", "user": "john", "pose": [[0.9913309408331707, 0.013564174562417743, 0.13068656746299884, 0.117], [-0.1207361692969153, 0.48637125796457303, 0.865370311976015, 1.343], [-0.051824156243274216, -0.8736469610743227, 0.4837925632285739, -0.027], [0.0, 0.0, 0.0, 1.0]]},
{"timestamp": "2020-10-15T22:53:22.082000", "type": "vio", "user": "elahe", "pose": [[0.4772352144433396, 0.878708518313263, -0.010857713337961594, 0.007], [-0.19196965362153856, 0.11630177520712087, 0.9744852739636953, 1.293], [0.8575512825386281, -0.4629743372233303, 0.22418867252600397, 0.003], [0.0, 0.0, 0.0, 1.0]]},
{"timestamp": "2020-10-15T22:53:22.160279", "type": "uwb", "src": "john", "dst": "static7", "range": 11.275618, "ble_rssi": -88},
{"timestamp": "2020-10-15T22:53:22.202000", "type": "vio", "user": "john", "pose": [[0.9857738337230666, 0.05644517651853489, 0.15831579452069852, 0.128], [-0.1650043501582739, 0.5042877277590045, 0.8476245938270708, 1.344], [-0.03199239246718405, -0.8616889402095471, 0.5064273463634977, -0.032], [0.0, 0.0, 0.0, 1.0]]},
{"timestamp": "2020-10-15T22:53:22.219000", "type": "vio", "user": "elahe", "pose": [[0.4779397147072898, 0.8783175342430175, -0.011486433161806087, 0.007], [-0.19250414832263918, 0.11749268486633968, 0.9742369433979985, 1.293], [0.8570389617655023, -0.4634153407518629, 0.2252341891715044, 0.002], [0.0, 0.0, 0.0, 1.0]]},
{"timestamp": "2020-10-15T22:53:22.306692", "type": "uwb", "src": "john", "dst": "elahe", "range": 0.933381, "ble_rssi": -60},
{"timestamp": "2020-10-15T22:53:22.321000", "type": "vio", "user": "john", "pose": [[0.9842154837445282, 0.1351013004777551, 0.11431325455407192, 0.144], [-0.16937007921255404, 0.5317540151225786, 0.8297899997400244, 1.344], [0.05131917599745624, -0.836053410979368, 0.5462426531906002, -0.045], [0.0, 0.0, 0.0, 1.0]]},
{"timestamp": "2020-10-15T22:53:22.285869", "type": "uwb", "src": "elahe", "dst": "static12", "range": 9.967009, "ble_rssi": -88},
{"timestamp": "2020-10-15T22:53:22.349000", "type": "vio", "user": "elahe", "pose": [[0.4772352144433396, 0.878708518313263, -0.010857713337961594, 0.007], [-0.19196965362153856, 0.11630177520712087, 0.9744852739636953, 1.293], [0.8575512825386281, -0.4629743372233303, 0.22418867252600397, 0.002], [0.0, 0.0, 0.0, 1.0]]},
{"timestamp": "2020-10-15T22:53:22.439000", "type": "vio", "user": "john", "pose": [[0.9737468089173186, 0.20829226164326126, 0.09182312270269567, 0.163], [-0.18689261850412653, 0.5012514147842072, 0.8448776055296422, 1.345], [0.12995499710288222, -0.8398579361513266, 0.5270202518040688, -0.065], [0.0, 0.0, 0.0, 1.0]]},
{"timestamp": "2020-10-15T22:53:22.453169", "type": "uwb", "src": "john", "dst": "static12", "range": 7.968916, "ble_rssi": -86},
{"timestamp": "2020-10-15T22:53:22.481000", "type": "vio", "user": "elahe", "pose": [[0.4779397147072898, 0.8783175342430175, -0.011486433161806087, 0.007], [-0.19250414832263918, 0.11749268486633968, 0.9742369433979985, 1.293], [0.8570389617655023, -0.4634153407518629, 0.2252341891715044, 0.002], [0.0, 0.0, 0.0, 1.0]]},
{"timestamp": "2020-10-15T22:53:22.555000", "type": "vio", "user": "john", "pose": [[0.9521854068733104, 0.2824008757236829, 0.11658771945623483, 0.183], [-0.238110390013228, 0.446833206257342, 0.8623476839149813, 1.346], [0.1914324766210194, -0.84887562762532, 0.4927106409632962, -0.082], [0.0, 0.0, 0.0, 1.0]]},
{"timestamp": "2020-10-15T22:53:22.606000", "type": "vio", "user": "elahe", "pose": [[0.47760238609153494, 0.8784529613100299, -0.014709030060192418, 0.006], [-0.19096733927189014, 0.12013874858220797, 0.9742166886378594, 1.294], [0.8575706595558685, -0.4624792707297704, 0.22513437768180256, 0.002], [0.0, 0.0, 0.0, 1.0]]},
{"timestamp": "2020-10-15T22:53:22.627316", "type": "uwb", "src": "elahe", "dst": "john", "range": 0.961523, "ble_rssi": -57},
{"timestamp": "2020-10-15T22:53:22.679000", "type": "vio", "user": "john", "pose": [[0.9196317036506585, 0.37099476219861643, 0.128997736653708, 0.218], [-0.29890773288313116, 0.4479595378092849, 0.8426069188585854, 1.362], [0.25481698699901084, -0.813446457307968, 0.522850996202419, -0.094], [0.0, 0.0, 0.0, 1.0]]},
{"timestamp": "2020-10-15T22:53:22.731000", "type": "vio", "user": "elahe", "pose": [[0.4772352144433396, 0.878708518313263, -0.010857713337961594, 0.007], [-0.19196965362153856, 0.11630177520712087, 0.9744852739636953, 1.293], [0.8575512825386281, -0.4629743372233303, 0.22418867252600397, 0.002], [0.0, 0.0, 0.0, 1.0]]},
{"timestamp": "2020-10-15T22:53:22.793000", "type": "vio", "user": "john", "pose": [[0.9038934233605405, 0.392636355818135, 0.16974501847011086, 0.232], [-0.34856809140854855, 0.4460666764000586, 0.8243329459976761, 1.374], [0.24794548767292612, -0.8042768256609542, 0.5400572403434423, -0.091], [0.0, 0.0, 0.0, 1.0]]},
{"timestamp": "2020-10-15T22:53:22.794905", "type": "uwb", "src": "john", "dst": "elahe", "range": 0.91931, "ble_rssi": -60},
{"timestamp": "2020-10-15T22:53:22.774027", "type": "uwb", "src": "elahe", "dst": "static12", "range": 11.088005, "ble_rssi": -88},
{"timestamp": "2020-10-15T22:53:22.911000", "type": "vio", "user": "john", "pose": [[0.8866577947262281, 0.4060842447735706, 0.2212092701445873, 0.238], [-0.39442207573410976, 0.4144119373258398, 0.8201792318605979, 1.378], [0.24139010175402464, -0.814468128503825, 0.5276101652040629, -0.091], [0.0, 0.0, 0.0, 1.0]]},
{"timestamp": "2020-10-15T22:53:22.941388", "type": "uwb", "src": "john", "dst": "static12", "range": 7.982987, "ble_rssi": -83},
{"timestamp": "2020-10-15T22:53:22.981000", "type": "vio", "user": "elahe", "pose": [[0.4762826863460372, 0.8792076000971707, -0.012198303913914132, 0.007], [-0.1907801936013389, 0.1168715879088637, 0.9746506808437045, 1.293], [0.8583459211858808, -0.46188204973892916, 0.22339931000906735, 0.002], [0.0, 0.0, 0.0, 1.0]]},
{"timestamp": "2020-10-15T22:53:23.030000", "type": "vio", "user": "john", "pose": [[0.8846597485571726, 0.4246980906897387, 0.19237635261967925, 0.244], [-0.37796786697399015, 0.41169415052585506, 0.8292455715636515, 1.378], [0.2729787918829826, -0.8063122584875451, 0.5247314751325884, -0.106], [0.0, 0.0, 0.0, 1.0]]},
{"timestamp": "2020-10-15T22:53:23.109000", "type": "vio", "user": "elahe", "pose": [[0.4762826863460372, 0.8792076000971707, -0.012198303913914132, 0.006], [-0.1907801936013389, 0.1168715879088637, 0.9746506808437045, 1.294], [0.8583459211858808, -0.46188204973892916, 0.22339931000906735, 0.002], [0.0, 0.0, 0.0, 1.0]]},
{"timestamp": "2020-10-15T22:53:23.147000", "type": "vio", "user": "john", "pose": [[0.894674511231718, 0.4229223472080244, 0.1438548128647133, 0.245], [-0.33506108478251745, 0.42232220197287745, 0.8422458234892845, 1.378], [0.2954514992628216, -0.8017360201168684, 0.5195457300666761, -0.129], [0.0, 0.0, 0.0, 1.0]]},
{"timestamp": "2020-10-15T22:53:23.115706", "type": "uwb", "src": "elahe", "dst": "john", "range": 0.848955, "ble_rssi": -57},
{"timestamp": "2020-10-15T22:53:23.232000", "type": "vio", "user": "elahe", "pose": [[0.47926036981509246, 0.8775612193903048, -0.013993003498250889, 0.006], [-0.19268765617191402, 0.12075962018990505, 0.9738010994502748, 1.294], [0.8562598700649675, -0.4640079960019991, 0.22697051474262872, 0.001], [0.0, 0.0, 0.0, 1.0]]},
{"timestamp": "2020-10-15T22:53:23.264000", "type": "vio", "user": "john", "pose": [[0.9122773372966645, 0.3954701361795805, 0.10655248117717331, 0.245], [-0.29553985405192684, 0.4555014193280315, 0.8397467782951683, 1.384], [0.2835599663596284, -0.7975724596425412, 0.5324208082878369, -0.149], [0.0, 0.0, 0.0, 1.0]]},
{"timestamp": "2020-10-15T22:53:23.262242", "type": "uwb", "src": "elahe", "dst": "static12", "range": 9.830988, "ble_rssi": -88},
{"timestamp": "2020-10-15T22:53:23.360000", "type": "vio", "user": "elahe", "pose": [[0.4846084291555641, 0.8746509190132112, -0.011850749373854719, 0.003], [-0.19097230557489336, 0.11901161069368094, 0.9743540501396325, 1.295], [0.8536300421697836, -0.4699170207488138, 0.2247081322866905, -0.001], [0.0, 0.0, 0.0, 1.0]]},
{"timestamp": "2020-10-15T22:53:23.384000", "type": "vio", "user": "john", "pose": [[0.9391913712135833, 0.34246995811783204, 0.0251772918464247, 0.245], [-0.22350020546157873, 0.5539694077207564, 0.8019760304823, 1.393], [0.2607052481186019, -0.7588360976497397, 0.5968253936513874, -0.179], [0.0, 0.0, 0.0, 1.0]]},
{"timestamp": "2020-10-15T22:53:23.501000", "type": "vio", "user": "john", "pose": [[0.9613772880291396, 0.27146111825642727, -0.0454155406959649, 0.242], [-0.14258939590630057, 0.6323671487921526, 0.7614328948131672, 1.393], [0.23541872108397224, -0.7255485169190641, 0.6466508914087519, -0.215], [0.0, 0.0, 0.0, 1.0]]},
{"timestamp": "2020-10-15T22:53:23.492000", "type": "vio", "user": "elahe", "pose": [[0.4834080466323006, 0.8750717627737736, -0.023792235017833174, 0.001], [-0.17385894689254688, 0.12260982454876967, 0.9771079252106875, 1.295], [0.8579567162955004, -0.468205340550618, 0.21140963091430273, -0.003], [0.0, 0.0, 0.0, 1.0]]},
{"timestamp": "2020-10-15T22:53:23.527334", "type": "uwb", "src": "john", "dst": "elahe", "range": 0.938071, "ble_rssi": -57},
{"timestamp": "2020-10-15T22:53:23.616000", "type": "vio", "user": "john", "pose": [[0.9775120085874143, 0.1945960856902414, -0.0812566089708096, 0.238], [-0.0812566089708096, 0.703140522960739, 0.7063927862521413, 1.393], [0.1945960856902414, -0.6839047948395556, 0.703140522960739, -0.251], [0.0, 0.0, 0.0, 1.0]]},
{"timestamp": "2020-10-15T22:53:23.619000", "type": "vio", "user": "elahe", "pose": [[0.48207387312771466, 0.8756244285865757, 0.029776516083599935, 0.01], [-0.20522469426255913, 0.07981482704053361, 0.9754549801243155, 1.292], [0.8517556021022012, -0.47635223673970767, 0.21817639844995673, -0.002], [0.0, 0.0, 0.0, 1.0]]},
{"timestamp": "2020-10-15T22:53:23.604036", "type": "uwb", "src": "elahe", "dst": "john", "range": 0.778599, "ble_rssi": -57},
{"timestamp": "2020-10-15T22:53:23.722561", "type": "uwb", "src": "john", "dst": "static12", "range": 8.217506, "ble_rssi": -90},
{"timestamp": "2020-10-15T22:53:23.740000", "type": "vio", "user": "john", "pose": [[0.9880635782050744, 0.14438567949556863, -0.05369488784966311, 0.241], [-0.07172258675167241, 0.7396599370461309, 0.6691480016248742, 1.404], [0.13633134626429017, -0.6573096325823292, 0.7411867584760602, -0.313], [0.0, 0.0, 0.0, 1.0]]},
{"timestamp": "2020-10-15T22:53:23.751000", "type": "vio", "user": "elahe", "pose": [[0.4618391236406798, 0.876007625381169, 0.13897936591038984, 0.025], [-0.22793415315506138, -0.0342103054548652, 0.9730753705783379, 1.274], [0.8571759712569489, -0.4810824204590416, 0.18387239875787817, -0.009], [0.0, 0.0, 0.0, 1.0]]},
{"timestamp": "2020-10-15T22:53:23.750574", "type": "uwb", "src": "elahe", "dst": "static12", "range": 10.651801, "ble_rssi": -87},
{"timestamp": "2020-10-15T22:53:23.859000", "type": "vio", "user": "john", "pose": [[0.9847885640384462, 0.1725808369887753, -0.020182637175270322, 0.26], [-0.11308233464559453, 0.7247589607051229, 0.679659351784945, 1.432], [0.13192372694173177, -0.6670384573485126, 0.7332501801485762, -0.335], [0.0, 0.0, 0.0, 1.0]]},
{"timestamp": "2020-10-15T22:53:23.852000", "type": "vio", "user": "elahe", "pose": [[0.454525629880971, 0.8605013839525525, 0.230095241143854, 0.057], [-0.16527404461258832, -0.17236136216542813, 0.9710695397394948, 1.259], [0.8752662120513408, -0.4794047653582721, 0.06387588741518474, -0.038], [0.0, 0.0, 0.0, 1.0]]},
{"timestamp": "2020-10-15T22:53:23.869015", "type": "uwb", "src": "john", "dst": "static7", "range": 9.732491, "ble_rssi": -89},
{"timestamp": "2020-10-15T22:53:23.951000", "type": "vio", "user": "elahe", "pose": [[0.47220194367385954, 0.8595446626971823, 0.19546942783825783, 0.079], [-0.08791534078294977, -0.17472063938429666, 0.9806852660401093, 1.269], [0.8770953296225255, -0.4802662501175044, -0.0069362635780159665, -0.059], [0.0, 0.0, 0.0, 1.0]]},
{"timestamp": "2020-10-15T22:53:23.977000", "type": "vio", "user": "john", "pose": [[0.9778739605610594, 0.20913656455494462, -0.004941115540318272, 0.282], [-0.14292841581356935, 0.6851743537906714, 0.7142181549502638, 1.458], [0.15275465691641193, -0.6977091100692974, 0.6999057168766789, -0.334], [0.0, 0.0, 0.0, 1.0]]},
{"timestamp": "2020-10-15T22:53:24.015342", "type": "uwb", "src": "john", "dst": "elahe", "range": 0.722315, "ble_rssi": -64},
{"timestamp": "2020-10-15T22:53:24.052000", "type": "vio", "user": "elahe", "pose": [[0.5506798034679077, 0.832085843810179, 0.06621859695923182, 0.116], [0.01149036836769185, -0.08687966308784162, 0.99615254633842, 1.353], [0.8346374814776303, -0.5478002123698436, -0.05740384865349135, -0.1], [0.0, 0.0, 0.0, 1.0]]},
{"timestamp": "2020-10-15T22:53:24.096000", "type": "vio", "user": "john", "pose": [[0.9554308293116459, 0.29444957094216573, -0.02124571892958728, 0.344], [-0.16414089350518332, 0.5896637795921799, 0.7907935217971789, 1.534], [0.24537664412119709, -0.7520612190566933, 0.611714169617461, -0.319], [0.0, 0.0, 0.0, 1.0]]},
{"timestamp": "2020-10-15T22:53:24.178000", "type": "vio", "user": "elahe", "pose": [[0.621194141554421, 0.7836541443959952, 0.002005110831400647, 0.129], [0.10366142843135101, -0.08470692763791143, 0.9909990134534531, 1.431], [0.7767703307632428, -0.6153949287905499, -0.13385415520198196, -0.124], [0.0, 0.0, 0.0, 1.0]]},
{"timestamp": "2020-10-15T22:53:24.217000", "type": "vio", "user": "john", "pose": [[0.9220601071206114, 0.38075508332991737, -0.06950341988100153, 0.411], [-0.16202667317215588, 0.542802752701761, 0.8240828410057781, 1.624], [0.35150037843150395, -0.7485925047566393, 0.5621892437468818, -0.292], [0.0, 0.0, 0.0, 1.0]]},
{"timestamp": "2020-10-15T22:53:24.334000", "type": "vio", "user": "john", "pose": [[0.8759481543927863, 0.46561843417145937, -0.126151910709232, 0.473], [-0.15756888463542368, 0.5233192228959098, 0.8374419607007818, 1.705], [0.4559461343301643, -0.7136781240218447, 0.5317674847920286, -0.265], [0.0, 0.0, 0.0, 1.0]]},
{"timestamp": "2020-10-15T22:53:24.335000", "type": "vio", "user": "elahe", "pose": [[0.7168334562519612, 0.6944083017042718, -0.06282441024042085, 0.122], [0.13339569205186164, -0.04814612726375134, 0.9898926910385324, 1.552], [0.6843649504028334, -0.717968704717477, -0.12714383078402092, -0.158], [0.0, 0.0, 0.0, 1.0]]},
{"timestamp": "2020-10-15T22:53:24.457000", "type": "vio", "user": "john", "pose": [[0.7841702723657555, 0.5764549933721832, -0.22973163594527676, 0.57], [-0.1352674886826901, 0.5200960408173474, 0.843328414576195, 1.808], [0.6056233899407248, -0.6302378510867119, 0.48581947327614233, -0.213], [0.0, 0.0, 0.0, 1.0]]},
{"timestamp": "2020-10-15T22:53:24.435000", "type": "vio", "user": "elahe", "pose": [[0.8125611316867698, 0.5774487892554098, -0.07935554838432507, 0.094], [0.0362948627902725, 0.0857547059534644, 0.995654967015115, 1.687], [0.5817448669364869, -0.8119107255076113, 0.048722516342579125, -0.196], [0.0, 0.0, 0.0, 1.0]]},
{"timestamp": "2020-10-15T22:53:24.482756", "type": "uwb", "src": "elahe", "dst": "static7", "range": 9.507354, "ble_rssi": -91},
{"timestamp": "2020-10-15T22:53:24.558000", "type": "vio", "user": "john", "pose": [[0.7475031026830582, 0.60382362559391, -0.2768323331076533, 0.599], [-0.12837957439488928, 0.5402208730315088, 0.831673068711054, 1.835], [0.6517344523326877, -0.5861385821763484, 0.4813353987885284, -0.19], [0.0, 0.0, 0.0, 1.0]]},
{"timestamp": "2020-10-15T22:53:24.560000", "type": "vio", "user": "elahe", "pose": [[0.8816388892221916, 0.47004875551449266, -0.0420361326757939, 0.061], [-0.05840262695831977, 0.19706187030793165, 0.9786499642032933, 1.776], [0.46829691668366513, -0.8603608468020942, 0.20118949056686786, -0.224], [0.0, 0.0, 0.0, 1.0]]},
{"timestamp": "2020-10-15T22:53:24.629424", "type": "uwb", "src": "elahe", "dst": "john", "range": 1.332061, "ble_rssi": -68},
{"timestamp": "2020-10-15T22:53:24.708000", "type": "vio", "user": "john", "pose": [[0.6223488309486616, 0.6804326135450431, -0.38690230167459105, 0.688], [-0.11722237845378791, 0.5697382682047859, 0.8134231492480704, 1.894], [0.7739126866814313, -0.46087933796957464, 0.43433787450124056, -0.126], [0.0, 0.0, 0.0, 1.0]]},
{"timestamp": "2020-10-15T22:53:24.723000", "type": "vio", "user": "elahe", "pose": [[0.9689115544222786, 0.24545772711364428, 0.03099845007749613, -0.008], [-0.08879356032198389, 0.2280525973701315, 0.9695915204239786, 1.857], [0.23092445377731108, -0.942200889955502, 0.24275786210689465, -0.258], [0.0, 0.0, 0.0, 1.0]]},
{"timestamp": "2020-10-15T22:53:24.747854", "type": "uwb", "src": "john", "dst": "elahe", "range": 1.599412, "ble_rssi": -64},
{"timestamp": "2020-10-15T22:53:24.775681", "type": "uwb", "src": "elahe", "dst": "static12", "range": 8.508308, "ble_rssi": -79},
{"timestamp": "2020-10-15T22:53:24.828000", "type": "vio", "user": "john", "pose": [[0.49222939898218687, 0.7176953300392905, -0.4925684033892441, 0.76], [-0.10394335126356652, 0.6102809336521375, 0.7853362093707218, 1.918], [0.8642372350840561, -0.3353663597626769, 0.3749978749723748, -0.083], [0.0, 0.0, 0.0, 1.0]]},
{"timestamp": "2020-10-15T22:53:24.831000", "type": "vio", "user": "elahe", "pose": [[0.999116200622459, 0.032894532941022396, 0.02616805985041397, -0.059], [-0.03025913117722278, 0.13075331899658765, 0.9909530536568202, 1.85], [0.029175377189378023, -0.9908690727204926, 0.13163311928192284, -0.28], [0.0, 0.0, 0.0, 1.0]]},
{"timestamp": "2020-10-15T22:53:24.950000", "type": "vio", "user": "john", "pose": [[0.4055021230137089, 0.7299264375499732, -0.5502503284842093, 0.82], [-0.09810795096904096, 0.6332384990498227, 0.7677133796396832, 1.929], [0.9088139843708565, -0.2573254730622935, 0.32839114288487703, -0.067], [0.0, 0.0, 0.0, 1.0]]},
{"timestamp": "2020-10-15T22:53:24.959000", "type": "vio", "user": "elahe", "pose": [[0.9952324171644977, -0.09722870504654141, 0.007682105172677436, -0.084], [-0.0007856016999381321, 0.07077111904264527, 0.997492271418391, 1.827], [-0.09752855302361703, -0.9927426794615132, 0.07035732883428086, -0.302], [0.0, 0.0, 0.0, 1.0]]},
{"timestamp": "2020-10-15T22:53:24.971157", "type": "uwb", "src": "elahe", "dst": "static7", "range": 10.098339, "ble_rssi": -91},
{"timestamp": "2020-10-15T22:53:25.068000", "type": "vio", "user": "john", "pose": [[0.3510154247039051, 0.7256664754981204, -0.5917738909060388, 0.88], [-0.07908782629373479, 0.6527053679728072, 0.7534725066992249, 1.936], [0.9330237335416867, -0.21767836125260015, 0.28650103610687583, -0.07], [0.0, 0.0, 0.0, 1.0]]},
{"timestamp": "2020-10-15T22:53:25.064000", "type": "vio", "user": "elahe", "pose": [[0.9904581469169438, -0.12393211527406336, 0.06027843735159591, -0.101], [-0.04678147416831215, 0.10907045914669194, 0.9929325901672127, 1.803], [-0.12963083306256096, -0.9862780874303284, 0.10223199780049491, -0.355], [0.0, 0.0, 0.0, 1.0]]},
{"timestamp": "2020-10-15T22:53:25.187000", "type": "vio", "user": "john", "pose": [[0.3122575275260655, 0.6807156476903715, -0.662662390280893, 0.987], [-0.017633088501577687, 0.7015740327611701, 0.7123783761071951, 1.939], [0.9498338332009468, -0.2107607258117763, 0.2310748921066269, -0.093], [0.0, 0.0, 0.0, 1.0]]},
{"timestamp": "2020-10-15T22:53:25.195000", "type": "vio", "user": "elahe", "pose": [[0.9927509061367328, -0.07299087614048241, 0.09548806399200098, -0.112], [-0.08778902637170352, 0.10226221722284712, 0.9908761404824395, 1.781], [-0.08208973878265215, -0.9920759905011871, 0.09511311086114238, -0.442], [0.0, 0.0, 0.0, 1.0]]},
{"timestamp": "2020-10-15T22:53:25.307000", "type": "vio", "user": "john", "pose": [[0.3293377362905951, 0.6115703636440004, -0.7193874795736519, 1.077], [0.03393223952780883, 0.7537337464272642, 0.6563033160188572, 1.945], [0.9436022777503315, -0.2405558766878613, 0.22748101374690727, -0.123], [0.0, 0.0, 0.0, 1.0]]},
{"timestamp": "2020-10-15T22:53:25.333000", "type": "vio", "user": "elahe", "pose": [[0.990001160793983, -0.035352180891729944, 0.13655740526520138, -0.122], [-0.1275752614788515, 0.18865303867845606, 0.973722025865692, 1.799], [-0.060185166653991325, -0.9814072825812854, 0.18225666355787362, -0.517], [0.0, 0.0, 0.0, 1.0]]},
{"timestamp": "2020-10-15T22:53:25.361708", "type": "uwb", "src": "elahe", "dst": "static12", "range": 8.869465, "ble_rssi": -79},
{"timestamp": "2020-10-15T22:53:25.425000", "type": "vio", "user": "john", "pose": [[0.3729863172518566, 0.5889758428033143, -0.716930027085645, 1.138], [0.05880883131940079, 0.7561292514967071, 0.6517745594834738, 1.957], [0.9259712352453203, -0.2852648096508851, 0.24738888389153757, -0.152], [0.0, 0.0, 0.0, 1.0]]},
{"timestamp": "2020-10-15T22:53:25.433000", "type": "vio", "user": "elahe", "pose": [[0.9829196503975255, -0.017550084202425625, 0.1831964939809008, -0.142], [-0.17067956604518447, 0.28536376947024955, 0.9430991489808259, 1.835], [-0.06882911155197316, -0.9582585839000964, 0.2774942157680912, -0.616], [0.0, 0.0, 0.0, 1.0]]},
{"timestamp": "2020-10-15T22:53:25.526788", "type": "uwb", "src": "john", "dst": "elahe", "range": 2.729788, "ble_rssi": -64},
{"timestamp": "2020-10-15T22:53:25.508063", "type": "uwb", "src": "elahe", "dst": "static7", "range": 9.338501, "ble_rssi": -91},
{"timestamp": "2020-10-15T22:53:25.547000", "type": "vio", "user": "john", "pose": [[0.42386497707888654, 0.5472607242891753, -0.7216953518323382, 1.214], [0.0847675916169067, 0.7693478515396326, 0.6331811263318113, 1.986], [0.9017499302009314, -0.3295596804553601, 0.2797096358740195, -0.196], [0.0, 0.0, 0.0, 1.0]]},
{"timestamp": "2020-10-15T22:53:25.562000", "type": "vio", "user": "elahe", "pose": [[0.9780892891971773, -0.03444740619233136, 0.2053161429707387, -0.156], [-0.18731227213850976, 0.2848062333401681, 0.9401061228164054, 1.853], [-0.09085953479998199, -0.9579659626819765, 0.2721135044034466, -0.675], [0.0, 0.0, 0.0, 1.0]]},
{"timestamp": "2020-10-15T22:53:25.667000", "type": "vio", "user": "john", "pose": [[0.4788545969461913, 0.5356602350543682, -0.6955331678396077, 1.259], [0.02751125074297356, 0.7827290481446889, 0.6217542667912033, 2.001], [0.8774630511115884, -0.31686487620436643, 0.3600767198277801, -0.227], [0.0, 0.0, 0.0, 1.0]]},
{"timestamp": "2020-10-15T22:53:25.675678", "type": "uwb", "src": "john", "dst": "static7", "range": 10.407902, "ble_rssi": -93},
{"timestamp": "2020-10-15T22:53:25.664000", "type": "vio", "user": "elahe", "pose": [[0.9748453579387591, -0.06151089817868795, 0.2142263697832362, -0.171], [-0.1930268852734368, 0.24754427306983606, 0.949453766347768, 1.85], [-0.11143226492757044, -0.9669220456042864, 0.22944412840065054, -0.744], [0.0, 0.0, 0.0, 1.0]]},
{"timestamp": "2020-10-15T22:53:25.654729", "type": "uwb", "src": "elahe", "dst": "john", "range": 2.152874, "ble_rssi": -68},
{"timestamp": "2020-10-15T22:53:25.784000", "type": "vio", "user": "john", "pose": [[0.5493987392064416, 0.5140167579394311, -0.6587471426243976, 1.291], [-0.02076601154844518, 0.7965458614406469, 0.6042213695212602, 2.005], [0.8353022196323567, -0.31827890784532636, 0.4482953699270649, -0.265], [0.0, 0.0, 0.0, 1.0]]},
{"timestamp": "2020-10-15T22:53:25.792000", "type": "vio", "user": "elahe", "pose": [[0.9769694922233806, -0.06674069639250017, 0.2026728662397464, -0.181], [-0.1863330198231083, 0.19598120537851604, 0.9627415919456193, 1.83], [-0.10397411691565911, -0.9783338114280975, 0.17903166320006314, -0.803], [0.0, 0.0, 0.0, 1.0]]},
{"timestamp": "2020-10-15T22:53:25.822157", "type": "uwb", "src": "john", "dst": "static12", "range": 10.862867, "ble_rssi": -90},
{"timestamp": "2020-10-15T22:53:25.801160", "type": "uwb", "src": "elahe", "dst": "static12", "range": 8.902298, "ble_rssi": -79},
{"timestamp": "2020-10-15T22:53:25.905000", "type": "vio", "user": "john", "pose": [[0.6482660020750148, 0.5031320315634347, -0.5714974622590447, 1.341], [-0.07018031817558784, 0.7868617754081747, 0.6131258185252589, 2.0], [0.7581727464730255, -0.3573607494064598, 0.5454057033889572, -0.32], [0.0, 0.0, 0.0, 1.0]]},
{"timestamp": "2020-10-15T22:53:25.894000", "type": "vio", "user": "elahe", "pose": [[0.9754511279697342, -0.09086078852015642, 0.2005976421897034, -0.191], [-0.17972011489431397, 0.19795699053600035, 0.9635941626018207, 1.814], [-0.12726263098391236, -0.9759904441168596, 0.17676785835560505, -0.897], [0.0, 0.0, 0.0, 1.0]]},
