{"timestamp": "2020-10-15T23:12:44.795130", "type": "uwb", "src": "john", "dst": "static12", "range": 7.345099, "ble_rssi": -91},
{"timestamp": "2020-10-15T23:12:44.941534", "type": "uwb", "src": "john", "dst": "elahe", "range": 1.561889, "ble_rssi": -69},
{"timestamp": "2020-10-15T23:12:44.985000", "type": "vio", "user": "john", "pose": [[0.9579435233025883, 0.2869441894051683, 0.002690414323805873, 0.073], [-0.01130174046803209, 0.028358367188547007, 0.9995339282249464, 0.963], [0.28673415706018723, -0.957527459228721, 0.03040868293717236, -0.184], [0.0, 0.0, 0.0, 1.0]]},
{"timestamp": "2020-10-15T23:12:45.071000", "type": "vio", "user": "elahe", "pose": [[0.18565278793963017, 0.9778472175652859, 0.09668433911482954, -0.001], [-0.19489203859046117, -0.05979639818357785, 0.9790002472207682, 1.28], [0.9630940429803816, -0.20059713323998335, 0.17947326962977928, -0.012], [0.0, 0.0, 0.0, 1.0]]},
{"timestamp": "2020-10-15T23:12:45.096000", "type": "vio", "user": "john", "pose": [[0.9587428134611651, 0.28426175510636975, 0.0027335362473709934, 0.073], [-0.011264330553771212, 0.02837994953163686, 0.9995337379607339, 0.963], [0.28405163702000524, -0.9583265795377001, 0.030411091033160698, -0.184], [0.0, 0.0, 0.0, 1.0]]},
{"timestamp": "2020-10-15T23:12:45.088116", "type": "uwb", "src": "john", "dst": "static12", "range": 7.293505, "ble_rssi": -91},
{"timestamp": "2020-10-15T23:12:45.234396", "type": "uwb", "src": "john", "dst": "elahe", "range": 1.646315, "ble_rssi": -69},
{"timestamp": "2020-10-15T23:12:45.323000", "type": "vio", "user": "john", "pose": [[0.9587428134611651, 0.28426175510636975, 0.0027335362473709934, 0.073], [-0.011264330553771212, 0.02837994953163686, 0.9995337379607339, 0.964], [0.28405163702000524, -0.9583265795377001, 0.030411091033160698, -0.183], [0.0, 0.0, 0.0, 1.0]]},
{"timestamp": "2020-10-15T23:12:45.391000", "type": "vio", "user": "elahe", "pose": [[0.1868989903838461, 0.9779036464583433, 0.0936654986479784, -0.001], [-0.19357109713755416, -0.056816909070545096, 0.9794396710347366, 1.281], [0.9631194099105587, -0.20118721899550396, 0.17867485879774075, -0.012], [0.0, 0.0, 0.0, 1.0]]},
{"timestamp": "2020-10-15T23:12:45.440000", "type": "vio", "user": "john", "pose": [[0.9579435233025883, 0.2869441894051683, 0.002690414323805873, 0.073], [-0.01130174046803209, 0.028358367188547007, 0.9995339282249464, 0.964], [0.28673415706018723, -0.957527459228721, 0.03040868293717236, -0.184], [0.0, 0.0, 0.0, 1.0]]},
{"timestamp": "2020-10-15T23:12:45.429902", "type": "uwb", "src": "john", "dst": "static12", "range": 7.340408, "ble_rssi": -91},
{"timestamp": "2020-10-15T23:12:45.576395", "type": "uwb", "src": "john", "dst": "elahe", "range": 1.618173, "ble_rssi": -69},
{"timestamp": "2020-10-15T23:12:45.639000", "type": "vio", "user": "elahe", "pose": [[0.18782894112546944, 0.9778080547062369, 0.09279922966970289, -0.001], [-0.19437255338722575, -0.05560821832151497, 0.9793503134960632, 1.281], [0.9627770247390699, -0.20198795559812976, 0.17961421555064327, -0.012], [0.0, 0.0, 0.0, 1.0]]},
{"timestamp": "2020-10-15T23:12:45.666000", "type": "vio", "user": "john", "pose": [[0.9579435233025883, 0.2869441894051683, 0.002690414323805873, 0.073], [-0.01130174046803209, 0.028358367188547007, 0.9995339282249464, 0.964], [0.28673415706018723, -0.957527459228721, 0.03040868293717236, -0.183], [0.0, 0.0, 0.0, 1.0]]},
{"timestamp": "2020-10-15T23:12:45.722732", "type": "uwb", "src": "john", "dst": "static12", "range": 7.307576, "ble_rssi": -91},
{"timestamp": "2020-10-15T23:12:45.762000", "type": "vio", "user": "elahe", "pose": [[0.18820709155969273, 0.977910567274729, 0.09093411405550134, -0.001], [-0.19438580687135593, -0.05366664164352031, 0.9794559967970373, 1.281], [0.9627004979606135, -0.20201686560068066, 0.17999149213022037, -0.012], [0.0, 0.0, 0.0, 1.0]]},
{"timestamp": "2020-10-15T23:12:45.776000", "type": "vio", "user": "john", "pose": [[0.9579435233025883, 0.2869441894051683, 0.002690414323805873, 0.073], [-0.01130174046803209, 0.028358367188547007, 0.9995339282249464, 0.964], [0.28673415706018723, -0.957527459228721, 0.03040868293717236, -0.184], [0.0, 0.0, 0.0, 1.0]]},
{"timestamp": "2020-10-15T23:12:45.869199", "type": "uwb", "src": "john", "dst": "elahe", "range": 1.585341, "ble_rssi": -69},
{"timestamp": "2020-10-15T23:12:45.886000", "type": "vio", "user": "elahe", "pose": [[0.18913801136147773, 0.9778109259744335, 0.09007000445901014, -0.002], [-0.1951846690034812, -0.05245835424535755, 0.9793625815069052, 1.281], [0.9623563568887705, -0.20281497507553314, 0.18093183313304445, -0.012], [0.0, 0.0, 0.0, 1.0]]},
{"timestamp": "2020-10-15T23:12:46.015556", "type": "uwb", "src": "john", "dst": "static12", "range": 7.288815, "ble_rssi": -91},
{"timestamp": "2020-10-15T23:12:46.039000", "type": "vio", "user": "elahe", "pose": [[0.186991674815868, 0.9780561504972513, 0.09187099664232917, -0.002], [-0.19533285737997674, -0.05463464580471128, 0.9792140370243716, 1.281], [0.9627456509262091, -0.201050297070887, 0.18083027863269402, -0.012], [0.0, 0.0, 0.0, 1.0]]},
{"timestamp": "2020-10-15T23:12:46.163000", "type": "vio", "user": "elahe", "pose": [[0.18913801136147773, 0.9778109259744335, 0.09007000445901014, -0.002], [-0.1951846690034812, -0.05245835424535755, 0.9793625815069052, 1.282], [0.9623563568887705, -0.20281497507553314, 0.18093183313304445, -0.012], [0.0, 0.0, 0.0, 1.0]]},
{"timestamp": "2020-10-15T23:12:46.211052", "type": "uwb", "src": "john", "dst": "elahe", "range": 1.547818, "ble_rssi": -69},
{"timestamp": "2020-10-15T23:12:46.263000", "type": "vio", "user": "john", "pose": [[0.9579435233025883, 0.2869441894051683, 0.002690414323805873, 0.073], [-0.01130174046803209, 0.028358367188547007, 0.9995339282249464, 0.965], [0.28673415706018723, -0.957527459228721, 0.03040868293717236, -0.185], [0.0, 0.0, 0.0, 1.0]]},
{"timestamp": "2020-10-15T23:12:46.357416", "type": "uwb", "src": "john", "dst": "static12", "range": 7.424835, "ble_rssi": -91},
{"timestamp": "2020-10-15T23:12:46.378000", "type": "vio", "user": "john", "pose": [[0.9571370586388712, 0.2896232771944839, 0.0026473169922159867, 0.073], [-0.011339074518774167, 0.028336689134203563, 0.9995341201969892, 0.964], [0.289413331360509, -0.9567211659391877, 0.0304061552119555, -0.184], [0.0, 0.0, 0.0, 1.0]]},
{"timestamp": "2020-10-15T23:12:46.412000", "type": "vio", "user": "elahe", "pose": [[0.18830296048911477, 0.9780572922348337, 0.08913993592829411, -0.002], [-0.1961462900560752, -0.051482546414956865, 0.9792222323414999, 1.282], [0.962324595948931, -0.20187491305483535, 0.18214799343069854, -0.012], [0.0, 0.0, 0.0, 1.0]]},
{"timestamp": "2020-10-15T23:12:46.504314", "type": "uwb", "src": "john", "dst": "elahe", "range": 1.590031, "ble_rssi": -69},
{"timestamp": "2020-10-15T23:12:46.536000", "type": "vio", "user": "elahe", "pose": [[0.186991674815868, 0.9780561504972513, 0.09187099664232917, -0.001], [-0.19533285737997674, -0.05463464580471128, 0.9792140370243716, 1.281], [0.9627456509262091, -0.201050297070887, 0.18083027863269402, -0.012], [0.0, 0.0, 0.0, 1.0]]},
{"timestamp": "2020-10-15T23:12:46.639000", "type": "vio", "user": "john", "pose": [[0.9571370586388712, 0.2896232771944839, 0.0026473169922159867, 0.073], [-0.011339074518774167, 0.028336689134203563, 0.9995341201969892, 0.965], [0.289413331360509, -0.9567211659391877, 0.0304061552119555, -0.184], [0.0, 0.0, 0.0, 1.0]]},
{"timestamp": "2020-10-15T23:12:46.650639", "type": "uwb", "src": "john", "dst": "static12", "range": 7.387312, "ble_rssi": -91},
{"timestamp": "2020-10-15T23:12:46.691000", "type": "vio", "user": "elahe", "pose": [[0.18913801136147773, 0.9778109259744335, 0.09007000445901014, -0.002], [-0.1951846690034812, -0.05245835424535755, 0.9793625815069052, 1.282], [0.9623563568887705, -0.20281497507553314, 0.18093183313304445, -0.012], [0.0, 0.0, 0.0, 1.0]]},
{"timestamp": "2020-10-15T23:12:46.793000", "type": "vio", "user": "elahe", "pose": [[0.186991674815868, 0.9780561504972513, 0.09187099664232917, -0.002], [-0.19533285737997674, -0.05463464580471128, 0.9792140370243716, 1.281], [0.9627456509262091, -0.201050297070887, 0.18083027863269402, -0.012], [0.0, 0.0, 0.0, 1.0]]},
{"timestamp": "2020-10-15T23:12:46.796736", "type": "uwb", "src": "john", "dst": "elahe", "range": 1.613483, "ble_rssi": -69},
{"timestamp": "2020-10-15T23:12:46.898000", "type": "vio", "user": "john", "pose": [[0.9571370586388712, 0.2896232771944839, 0.0026473169922159867, 0.073], [-0.011339074518774167, 0.028336689134203563, 0.9995341201969892, 0.965], [0.289413331360509, -0.9567211659391877, 0.0304061552119555, -0.183], [0.0, 0.0, 0.0, 1.0]]},
{"timestamp": "2020-10-15T23:12:46.992401", "type": "uwb", "src": "john", "dst": "static12", "range": 7.903251, "ble_rssi": -91},
{"timestamp": "2020-10-15T23:12:47.037000", "type": "vio", "user": "john", "pose": [[0.9571370586388712, 0.2896232771944839, 0.0026473169922159867, 0.073], [-0.011339074518774167, 0.028336689134203563, 0.9995341201969892, 0.965], [0.289413331360509, -0.9567211659391877, 0.0304061552119555, -0.184], [0.0, 0.0, 0.0, 1.0]]},
{"timestamp": "2020-10-15T23:12:47.138809", "type": "uwb", "src": "john", "dst": "elahe", "range": 1.754193, "ble_rssi": -70},
{"timestamp": "2020-10-15T23:12:47.164000", "type": "vio", "user": "elahe", "pose": [[0.18820709155969273, 0.977910567274729, 0.09093411405550134, -0.002], [-0.19438580687135593, -0.05366664164352031, 0.9794559967970373, 1.282], [0.9627004979606135, -0.20201686560068066, 0.17999149213022037, -0.012], [0.0, 0.0, 0.0, 1.0]]},
{"timestamp": "2020-10-15T23:12:47.294000", "type": "vio", "user": "john", "pose": [[0.9566589126491913, 0.2911800386766655, 0.004232011947326031, 0.073], [-0.012559906791638487, 0.026737347004960832, 0.9995635862797931, 0.966], [0.29093981094077187, -0.9562945672497527, 0.029235715458254485, -0.183], [0.0, 0.0, 0.0, 1.0]]},
{"timestamp": "2020-10-15T23:12:47.289000", "type": "vio", "user": "elahe", "pose": [[0.186991674815868, 0.9780561504972513, 0.09187099664232917, -0.002], [-0.19533285737997674, -0.05463464580471128, 0.9792140370243716, 1.281], [0.9627456509262091, -0.201050297070887, 0.18083027863269402, -0.012], [0.0, 0.0, 0.0, 1.0]]},
{"timestamp": "2020-10-15T23:12:47.285263", "type": "uwb", "src": "john", "dst": "static12", "range": 7.950155, "ble_rssi": -91},
{"timestamp": "2020-10-15T23:12:47.410000", "type": "vio", "user": "john", "pose": [[0.9567352724488258, 0.29094929489890076, 0.0024751262804230123, 0.075], [-0.00871292433770876, 0.02014588850135901, 0.9997590850429801, 0.965], [0.29082933724395293, -0.9565263461997917, 0.021809301316635166, -0.183], [0.0, 0.0, 0.0, 1.0]]},
{"timestamp": "2020-10-15T23:12:47.412000", "type": "vio", "user": "elahe", "pose": [[0.18913801136147773, 0.9778109259744335, 0.09007000445901014, -0.002], [-0.1951846690034812, -0.05245835424535755, 0.9793625815069052, 1.282], [0.9623563568887705, -0.20281497507553314, 0.18093183313304445, -0.012], [0.0, 0.0, 0.0, 1.0]]},
{"timestamp": "2020-10-15T23:12:47.431539", "type": "uwb", "src": "john", "dst": "elahe", "range": 1.135066, "ble_rssi": -70},
{"timestamp": "2020-10-15T23:12:47.550000", "type": "vio", "user": "john", "pose": [[0.9556589990146447, 0.27601748456509456, -0.10261688855488513, 0.09], [0.07329006829533488, 0.11456907182702508, 0.9907080769176962, 0.98], [0.28520947300465505, -0.9542998878733312, 0.08925962420576933, -0.165], [0.0, 0.0, 0.0, 1.0]]},
{"timestamp": "2020-10-15T23:12:47.577951", "type": "uwb", "src": "john", "dst": "static12", "range": 7.828206, "ble_rssi": -91},
{"timestamp": "2020-10-15T23:12:47.660000", "type": "vio", "user": "john", "pose": [[0.9627419985382354, 0.2660411673720531, -0.048476195332551444, 0.116], [0.007394809435680855, 0.15329431961454199, 0.9881529073819115, 1.046], [0.2703204784029771, -0.9516947771408804, 0.1456155558955008, -0.13], [0.0, 0.0, 0.0, 1.0]]},
{"timestamp": "2020-10-15T23:12:47.777000", "type": "vio", "user": "john", "pose": [[0.9418617794364628, 0.33262480231984726, 0.047509255082167884, 0.163], [-0.14270781548051906, 0.2680037730526817, 0.952789828362113, 1.186], [0.3041888686943657, -0.9041762651779846, 0.2998906694967896, -0.09], [0.0, 0.0, 0.0, 1.0]]},
{"timestamp": "2020-10-15T23:12:47.773508", "type": "uwb", "src": "john", "dst": "elahe", "range": 1.454011, "ble_rssi": -69},
{"timestamp": "2020-10-15T23:12:47.814000", "type": "vio", "user": "elahe", "pose": [[0.19179079113101535, 0.9779594937721174, 0.08253193914069223, -0.002], [-0.19641321950536822, -0.044144990703161024, 0.9795269608333167, 1.283], [0.9615810624387708, -0.2040746146310254, 0.1836175700261911, -0.012], [0.0, 0.0, 0.0, 1.0]]},
{"timestamp": "2020-10-15T23:12:47.916000", "type": "vio", "user": "john", "pose": [[0.9365290096887525, 0.3485567993976694, 0.03770373463010637, 0.187], [-0.19241539988005457, 0.42111781591069963, 0.886361156082328, 1.297], [0.29306949329536736, -0.8373577149081838, 0.4614567470341524, -0.039], [0.0, 0.0, 0.0, 1.0]]},
{"timestamp": "2020-10-15T23:12:47.919958", "type": "uwb", "src": "john", "dst": "static12", "range": 8.428572, "ble_rssi": -91},
{"timestamp": "2020-10-15T23:12:47.938000", "type": "vio", "user": "elahe", "pose": [[0.21525198289568218, 0.975175954822856, 0.05194652052648052, -0.008], [-0.21163345435067843, -0.005347347761479049, 0.9773344805497846, 1.294], [0.95335086136169, -0.22136680647118023, 0.205228828709991, -0.011], [0.0, 0.0, 0.0, 1.0]]},
{"timestamp": "2020-10-15T23:12:48.036000", "type": "vio", "user": "john", "pose": [[0.9509684751605956, 0.3066786319194126, 0.04008959933410766, 0.191], [-0.2168792099731782, 0.568802704387226, 0.7933642869219588, 1.406], [0.22050480160790586, -0.7631590268127708, 0.6074256598646806, 0.038], [0.0, 0.0, 0.0, 1.0]]},
{"timestamp": "2020-10-15T23:12:48.059000", "type": "vio", "user": "elahe", "pose": [[0.2537648689571578, 0.967092775091959, -0.018301793575770497, -0.02], [-0.22052361131390874, 0.07626747421247287, 0.9723952947388844, 1.31], [0.9417922956449731, -0.2427237869311193, 0.23262079683809017, -0.013], [0.0, 0.0, 0.0, 1.0]]},
{"timestamp": "2020-10-15T23:12:48.066530", "type": "uwb", "src": "john", "dst": "elahe", "range": 1.299229, "ble_rssi": -69},
{"timestamp": "2020-10-15T23:12:48.157000", "type": "vio", "user": "john", "pose": [[0.9489819705081093, 0.31514843491284394, -0.010709043959705039, 0.186], [-0.20580093223908458, 0.6447286672022522, 0.7361867439564035, 1.439], [0.23891252780059408, -0.6964240157114, 0.6766937227434121, 0.068], [0.0, 0.0, 0.0, 1.0]]},
{"timestamp": "2020-10-15T23:12:48.211000", "type": "vio", "user": "elahe", "pose": [[0.2841797138598331, 0.9581506759614068, -0.03448437885829858, -0.031], [-0.22309575628399692, 0.10106280347782975, 0.9695434973642354, 1.315], [0.9324538453771397, -0.26783127507425425, 0.24247934826183504, -0.021], [0.0, 0.0, 0.0, 1.0]]},
{"timestamp": "2020-10-15T23:12:48.212914", "type": "uwb", "src": "john", "dst": "static12", "range": 8.048653, "ble_rssi": -91},
{"timestamp": "2020-10-15T23:12:48.279000", "type": "vio", "user": "john", "pose": [[0.9486796586773496, 0.3161302639483197, -0.008280182835712746, 0.169], [-0.21506485510179799, 0.6641448292337231, 0.7160019231134447, 1.463], [0.2318491175568063, -0.6774756837098097, 0.6980491993191137, 0.091], [0.0, 0.0, 0.0, 1.0]]},
{"timestamp": "2020-10-15T23:12:48.337000", "type": "vio", "user": "elahe", "pose": [[0.2934055113190477, 0.9557884845122239, -0.019534042117154315, -0.038], [-0.19801960402077368, 0.0807523705269893, 0.9768660558529649, 1.313], [0.9352547473020729, -0.2827497613227965, 0.21295804779542246, -0.032], [0.0, 0.0, 0.0, 1.0]]},
{"timestamp": "2020-10-15T23:12:48.359243", "type": "uwb", "src": "john", "dst": "elahe", "range": 1.341442, "ble_rssi": -69},
{"timestamp": "2020-10-15T23:12:48.399000", "type": "vio", "user": "john", "pose": [[0.9493604782032365, 0.3140634769777156, 0.008877773053547769, 0.145], [-0.23877147787809821, 0.7028237000725309, 0.6700947902858716, 1.49], [0.20421279043593527, -0.6382812695395543, 0.7422224445389292, 0.107], [0.0, 0.0, 0.0, 1.0]]},
{"timestamp": "2020-10-15T23:12:48.456000", "type": "vio", "user": "elahe", "pose": [[0.3092812150797506, 0.9508222937868693, -0.01679570292275606, -0.042], [-0.18513654254798123, 0.07752570230306216, 0.9796500528738803, 1.312], [0.932775209046731, -0.29987786033699354, 0.20000919545744392, -0.04], [0.0, 0.0, 0.0, 1.0]]},
{"timestamp": "2020-10-15T23:12:48.545000", "type": "vio", "user": "john", "pose": [[0.9602273862968576, 0.27919183520090196, 0.0039097010957557105, 0.112], [-0.2147457295110476, 0.7294830639583925, 0.6494141444830441, 1.494], [0.1784590660691514, -0.6244248381951414, 0.7604248701763363, 0.112], [0.0, 0.0, 0.0, 1.0]]},
{"timestamp": "2020-10-15T23:12:48.554728", "type": "uwb", "src": "john", "dst": "static12", "range": 8.297242, "ble_rssi": -91},
{"timestamp": "2020-10-15T23:12:48.580000", "type": "vio", "user": "elahe", "pose": [[0.3218859994378691, 0.9464385201752009, 0.025367910723198495, -0.037], [-0.22615069311149505, 0.0508408459170987, 0.9727646541644204, 1.307], [0.919372213725798, -0.31885629351638944, 0.23040268382533136, -0.043], [0.0, 0.0, 0.0, 1.0]]},
{"timestamp": "2020-10-15T23:12:48.645000", "type": "vio", "user": "john", "pose": [[0.9640130719608442, 0.265851253897316, -0.00138126385642863, 0.092], [-0.18989375278379717, 0.6921983615007733, 0.6962770935405896, 1.477], [0.18606224695596468, -0.67095792650275, 0.7177717611614628, 0.096], [0.0, 0.0, 0.0, 1.0]]},
{"timestamp": "2020-10-15T23:12:48.701197", "type": "uwb", "src": "john", "dst": "static7", "range": 11.088005, "ble_rssi": -89},
{"timestamp": "2020-10-15T23:12:48.702000", "type": "vio", "user": "elahe", "pose": [[0.30508257713430054, 0.9424668981745263, 0.1366776023142789, -0.025], [-0.28458473527536027, -0.04673739851539088, 0.9575109106575581, 1.293], [0.9088102935031857, -0.3310162555302989, 0.25395292673515923, -0.042], [0.0, 0.0, 0.0, 1.0]]},
{"timestamp": "2020-10-15T23:12:48.762000", "type": "vio", "user": "john", "pose": [[0.9726488066361452, 0.22992847118792242, 0.032972671812686725, 0.073], [-0.19289473131433565, 0.7204624816326693, 0.6661271914513516, 1.462], [0.12940603378688592, -0.6542680725030683, 0.7451089636574418, 0.095], [0.0, 0.0, 0.0, 1.0]]},
{"timestamp": "2020-10-15T23:12:48.847599", "type": "uwb", "src": "john", "dst": "elahe", "range": 1.125686, "ble_rssi": -71},
{"timestamp": "2020-10-15T23:12:48.856000", "type": "vio", "user": "elahe", "pose": [[0.24713425587618743, 0.900485929438767, 0.3578403980202946, 0.012], [-0.2825188358886031, -0.28628851273203076, 0.9155446438300157, 1.259], [0.9268806648866246, -0.327359096956968, 0.18365253795917635, -0.038], [0.0, 0.0, 0.0, 1.0]]},
{"timestamp": "2020-10-15T23:12:48.880000", "type": "vio", "user": "john", "pose": [[0.9757581210294552, 0.21697331393983016, 0.028612414841028243, 0.059], [-0.17964981731120078, 0.7194339896134797, 0.6709252400445851, 1.455], [0.12498812897679276, -0.6598009666761635, 0.7409727741206698, 0.088], [0.0, 0.0, 0.0, 1.0]]},
{"timestamp": "2020-10-15T23:12:48.985000", "type": "vio", "user": "elahe", "pose": [[0.27028415302730807, 0.891469413126163, 0.36363272966388116, 0.106], [-0.22046293538851447, -0.31034779115342104, 0.9247055437522111, 1.283], [0.9371993228455676, -0.3301007936777601, 0.11265387375107189, -0.036], [0.0, 0.0, 0.0, 1.0]]},
{"timestamp": "2020-10-15T23:12:49.001000", "type": "vio", "user": "john", "pose": [[0.9784640113877638, 0.20627526560119638, -0.007661150052180585, 0.039], [-0.13801265929074388, 0.6813585346251195, 0.7188205987372698, 1.443], [0.15349489989723825, -0.7022827508166962, 0.6951534029341087, 0.08], [0.0, 0.0, 0.0, 1.0]]},
{"timestamp": "2020-10-15T23:12:48.994100", "type": "uwb", "src": "john", "dst": "static12", "range": 8.639637, "ble_rssi": -91},
{"timestamp": "2020-10-15T23:12:49.106000", "type": "vio", "user": "elahe", "pose": [[0.3528571914199271, 0.9112777925529254, 0.21228421341001302, 0.166], [-0.17608865621919284, -0.15814984932681997, 0.9715870575037642, 1.357], [0.9189584254002786, -0.38021232220664714, 0.10466137027609076, -0.04], [0.0, 0.0, 0.0, 1.0]]},
{"timestamp": "2020-10-15T23:12:49.122000", "type": "vio", "user": "john", "pose": [[0.977535818910785, 0.21064419048761707, -0.007262765329893922, 0.027], [-0.1335772918603837, 0.645810212263915, 0.7517222072247716, 1.431], [0.16303628383174856, -0.7338652429087054, 0.6594398952178129, 0.076], [0.0, 0.0, 0.0, 1.0]]},
{"timestamp": "2020-10-15T23:12:49.140288", "type": "uwb", "src": "john", "dst": "elahe", "range": 0.745767, "ble_rssi": -71},
{"timestamp": "2020-10-15T23:12:49.238000", "type": "vio", "user": "john", "pose": [[0.977884301558411, 0.2091109869668555, -0.003858483557894282, 0.024], [-0.12855337902642874, 0.6155132263690409, 0.777571538127304, 1.35], [0.16497369943874785, -0.7598789793740327, 0.6287826454339944, 0.052], [0.0, 0.0, 0.0, 1.0]]},
{"timestamp": "2020-10-15T23:12:49.236000", "type": "vio", "user": "elahe", "pose": [[0.4213878531568279, 0.8921338304847226, 0.16287880683666578, 0.214], [-0.10416556142238675, -0.13080053051725438, 0.9859212732414104, 1.455], [0.9008783563974876, -0.43242161107079413, 0.03781186656990565, -0.045], [0.0, 0.0, 0.0, 1.0]]},
{"timestamp": "2020-10-15T23:12:49.361000", "type": "vio", "user": "john", "pose": [[0.978512828363787, 0.2058121628558306, 0.012409607089145652, 0.022], [-0.13884711328044091, 0.613248921588934, 0.7775906630764658, 1.313], [0.15242743801950595, -0.7626054771574976, 0.628648361445566, 0.047], [0.0, 0.0, 0.0, 1.0]]},
{"timestamp": "2020-10-15T23:12:49.356000", "type": "vio", "user": "elahe", "pose": [[0.5231042215540713, 0.8415621930556306, 0.1346664346142229, 0.223], [-0.1319378179468561, -0.07614120791298834, 0.9883293624359106, 1.578], [0.8419942907097004, -0.5347668573097522, 0.07120409212482032, -0.054], [0.0, 0.0, 0.0, 1.0]]},
{"timestamp": "2020-10-15T23:12:49.481000", "type": "vio", "user": "john", "pose": [[0.979670977672057, 0.19993203670018186, -0.01649109480880326, 0.013], [-0.11205549003538087, 0.6135486837107962, 0.7816659004137765, 1.312], [0.16639814500169905, -0.7639274791612529, 0.6234793211665701, 0.049], [0.0, 0.0, 0.0, 1.0]]},
{"timestamp": "2020-10-15T23:12:49.507000", "type": "vio", "user": "elahe", "pose": [[0.6274140249663799, 0.7657289692994516, 0.1414594883741856, 0.207], [-0.19509171170180323, -0.021293912382704394, 0.980553819696144, 1.71], [0.7538506916497107, -0.6428107924350969, 0.13602727604497356, -0.068], [0.0, 0.0, 0.0, 1.0]]},
{"timestamp": "2020-10-15T23:12:49.531438", "type": "uwb", "src": "john", "dst": "static12", "range": 8.189364, "ble_rssi": -91},
{"timestamp": "2020-10-15T23:12:49.597000", "type": "vio", "user": "john", "pose": [[0.9739954139004877, 0.21798992660238117, -0.06175213033334334, 0.015], [-0.08043898384851852, 0.5875073848218131, 0.805210930537615, 1.307], [0.21180770424664805, -0.7793044749516859, 0.5897643866342236, 0.042], [0.0, 0.0, 0.0, 1.0]]},
{"timestamp": "2020-10-15T23:12:49.607000", "type": "vio", "user": "elahe", "pose": [[0.7075437890517862, 0.7016999101095702, 0.0836601621230958, 0.178], [-0.20545268540151393, 0.0909875334586594, 0.9744282748444936, 1.808], [0.6761442010662727, -0.7066388787119843, 0.20854379505782816, -0.08], [0.0, 0.0, 0.0, 1.0]]},
{"timestamp": "2020-10-15T23:12:49.677587", "type": "uwb", "src": "john", "dst": "elahe", "range": 0.933381, "ble_rssi": -71},
{"timestamp": "2020-10-15T23:12:49.718000", "type": "vio", "user": "john", "pose": [[0.9609830894068401, 0.2575052127168301, -0.10100775860173243, 0.031], [-0.060855345358732896, 0.5530417677057451, 0.8309280535125616, 1.299], [0.26982981454123095, -0.7923609459056935, 0.5471343551524434, 0.034], [0.0, 0.0, 0.0, 1.0]]},
{"timestamp": "2020-10-15T23:12:49.733000", "type": "vio", "user": "elahe", "pose": [[0.7682457055699154, 0.6389400309051039, 0.039422998114908625, 0.145], [-0.16951029603731005, 0.14365675744291262, 0.9750020490123762, 1.87], [0.6173044592506414, -0.7557237411567624, 0.21867060077042877, -0.095], [0.0, 0.0, 0.0, 1.0]]},
{"timestamp": "2020-10-15T23:12:49.834000", "type": "vio", "user": "john", "pose": [[0.9543266275761232, 0.2963172470449728, -0.038167748202797766, 0.049], [-0.1444257997587407, 0.5693830496820353, 0.8092861861534726, 1.313], [0.2615375236237274, -0.7668109492166069, 0.5861732609888435, 0.045], [0.0, 0.0, 0.0, 1.0]]},
{"timestamp": "2020-10-15T23:12:49.836000", "type": "vio", "user": "elahe", "pose": [[0.8130847665835378, 0.5814969424329092, -0.027467586187579496, 0.105], [-0.11567437035525396, 0.2076254612859889, 0.9713449994047925, 1.904], [0.5705371174539915, -0.7866085263757052, 0.23608139240594972, -0.114], [0.0, 0.0, 0.0, 1.0]]},
{"timestamp": "2020-10-15T23:12:49.951000", "type": "vio", "user": "john", "pose": [[0.938794521752863, 0.34282424390234145, 0.03371029100439196, 0.069], [-0.23746534115102358, 0.5731589079488957, 0.7842825243436558, 1.328], [0.24954970983521677, -0.7442851631139888, 0.6194873189093881, 0.056], [0.0, 0.0, 0.0, 1.0]]},
{"timestamp": "2020-10-15T23:12:49.966000", "type": "vio", "user": "elahe", "pose": [[0.827747579862295, 0.560222263767267, -0.03138405983286224, 0.091], [-0.11182370860172386, 0.21951746208209322, 0.9691787977641658, 1.899], [0.5498448892430217, -0.7987259223416477, 0.2443511791516747, -0.126], [0.0, 0.0, 0.0, 1.0]]},
{"timestamp": "2020-10-15T23:12:50.019442", "type": "uwb", "src": "john", "dst": "static12", "range": 8.391049, "ble_rssi": -91},
{"timestamp": "2020-10-15T23:12:50.072000", "type": "vio", "user": "john", "pose": [[0.9033868983930482, 0.407567772966811, 0.1333439996800096, 0.103], [-0.3606411807645771, 0.5538433846984591, 0.7504634860954172, 1.347], [0.23201303960881176, -0.7260482185534435, 0.6473205803825886, 0.08], [0.0, 0.0, 0.0, 1.0]]},
{"timestamp": "2020-10-15T23:12:50.067000", "type": "vio", "user": "elahe", "pose": [[0.7857392806653057, 0.6181871262005075, -0.021411674841681994, 0.102], [-0.15887190787460936, 0.23514450081083627, 0.9588883045624784, 1.866], [0.5978072429369268, -0.7500344930324075, 0.2829748390825054, -0.145], [0.0, 0.0, 0.0, 1.0]]},
{"timestamp": "2020-10-15T23:12:50.191000", "type": "vio", "user": "john", "pose": [[0.8646732179410387, 0.4624998375014626, 0.1960462355838798, 0.131], [-0.44957195385241544, 0.5383721546506083, 0.7127695850737344, 1.369], [0.22410998301015295, -0.7044496599530606, 0.673442939013549, 0.104], [0.0, 0.0, 0.0, 1.0]]},
{"timestamp": "2020-10-15T23:12:50.193000", "type": "vio", "user": "elahe", "pose": [[0.7345755507213764, 0.6777186007551323, -0.033109794213987354, 0.117], [-0.15570724876853453, 0.2158627759857974, 0.9639286875203162, 1.845], [0.6604195734253495, -0.7029230115270174, 0.26409321631285465, -0.174], [0.0, 0.0, 0.0, 1.0]]},
{"timestamp": "2020-10-15T23:12:50.308000", "type": "vio", "user": "john", "pose": [[0.8062181964887623, 0.5297049675295098, 0.2634859901872747, 0.167], [-0.5425510082520195, 0.48439244093794526, 0.6862961216609755, 1.386], [0.23590384290029004, -0.6962590110991314, 0.6779179643350183, 0.119], [0.0, 0.0, 0.0, 1.0]]},
{"timestamp": "2020-10-15T23:12:50.297000", "type": "vio", "user": "elahe", "pose": [[0.7026803022925886, 0.7031691932699007, -0.10859778269445924, 0.138], [-0.15730292144851682, 0.30238556801833194, 0.9401163540530459, 1.85], [0.6938992604649161, -0.6435184953755311, 0.32309095071798977, -0.217], [0.0, 0.0, 0.0, 1.0]]},
{"timestamp": "2020-10-15T23:12:50.361328", "type": "uwb", "src": "john", "dst": "static7", "range": 11.03172, "ble_rssi": -91},
{"timestamp": "2020-10-15T23:12:50.427000", "type": "vio", "user": "john", "pose": [[0.7659850256340502, 0.5801896699678549, 0.27685174257532696, 0.212], [-0.5718483520396224, 0.41820207592799663, 0.7057595100025805, 1.386], [0.29369440371578714, -0.6989184291117997, 0.6521170344914498, 0.121], [0.0, 0.0, 0.0, 1.0]]},
{"timestamp": "2020-10-15T23:12:50.425000", "type": "vio", "user": "elahe", "pose": [[0.7073775511529327, 0.6793577023863875, -0.19516688329009194, 0.148], [-0.15722365028287594, 0.4204236095223729, 0.893602099565521, 1.878], [0.6891282347405364, -0.6014292150905771, 0.4042093211677885, -0.263], [0.0, 0.0, 0.0, 1.0]]},
{"timestamp": "2020-10-15T23:12:50.507828", "type": "uwb", "src": "john", "dst": "static12", "range": 8.564592, "ble_rssi": -91},
{"timestamp": "2020-10-15T23:12:50.549000", "type": "vio", "user": "john", "pose": [[0.768307865083219, 0.6015782521726447, 0.2186472752269562, 0.249], [-0.5500382673197091, 0.4458132754627548, 0.7061929112537894, 1.386], [0.3273544393088303, -0.6628379364023126, 0.6734129053788065, 0.125], [0.0, 0.0, 0.0, 1.0]]},
{"timestamp": "2020-10-15T23:12:50.557000", "type": "vio", "user": "elahe", "pose": [[0.7576796073895382, 0.6161540930080507, -0.21511798208299884, 0.152], [-0.16951870428150542, 0.5041123526536097, 0.8468377322726959, 1.914], [0.630226166899435, -0.605165158920661, 0.4864052929232744, -0.352], [0.0, 0.0, 0.0, 1.0]]},
{"timestamp": "2020-10-15T23:12:50.664000", "type": "vio", "user": "john", "pose": [[0.7771487987522621, 0.5959088591395808, 0.2023175133222024, 0.271], [-0.5406204697013629, 0.4676138011017686, 0.6993331400405915, 1.386], [0.3221323522060368, -0.6528628987912539, 0.685566031133462, 0.117], [0.0, 0.0, 0.0, 1.0]]},
{"timestamp": "2020-10-15T23:12:50.654245", "type": "uwb", "src": "john", "dst": "elahe", "range": 1.397726, "ble_rssi": -71},
{"timestamp": "2020-10-15T23:12:50.679000", "type": "vio", "user": "elahe", "pose": [[0.7857096463134963, 0.5973949407691269, -0.1605603825150263, 0.143], [-0.18365517689321445, 0.4731285192531563, 0.8616380796306751, 1.915], [0.5907039255754463, -0.6475096053440186, 0.48145631504529113, -0.389], [0.0, 0.0, 0.0, 1.0]]},
{"timestamp": "2020-10-15T23:12:50.782000", "type": "vio", "user": "john", "pose": [[0.7883986601539704, 0.580506679244378, 0.2035670602530998, 0.296], [-0.5332603186531191, 0.47994627824988606, 0.6966240037093591, 1.378], [0.3066936341324977, -0.6577716665733998, 0.6879501794722158, 0.064], [0.0, 0.0, 0.0, 1.0]]},
{"timestamp": "2020-10-15T23:12:50.800616", "type": "uwb", "src": "john", "dst": "static7", "range": 9.821608, "ble_rssi": -91},
{"timestamp": "2020-10-15T23:12:50.806000", "type": "vio", "user": "elahe", "pose": [[0.8089849557530973, 0.5727131934855921, -0.13244976169361009, 0.135], [-0.15591746710352006, 0.42630898545566165, 0.8910389398740031, 1.903], [0.5667742803067038, -0.7001858659865245, 0.434173546241038, -0.433], [0.0, 0.0, 0.0, 1.0]]},
{"timestamp": "2020-10-15T23:12:50.902000", "type": "vio", "user": "john", "pose": [[0.8324112047125538, 0.5304302444857241, 0.16042238623025687, 0.306], [-0.47040357040736946, 0.5233178234431956, 0.7105342613939706, 1.359], [0.29293696799310553, -0.6669199437724825, 0.6851319007180405, -0.019], [0.0, 0.0, 0.0, 1.0]]},
{"timestamp": "2020-10-15T23:12:50.929000", "type": "vio", "user": "elahe", "pose": [[0.8501408709805778, 0.5119005484870115, -0.12336258730701469, 0.129], [-0.09408661815665964, 0.37819009284087457, 0.9209342875367672, 1.881], [0.5180812752572969, -0.7713171086756128, 0.36967784636364887, -0.469], [0.0, 0.0, 0.0, 1.0]]},
{"timestamp": "2020-10-15T23:12:50.995965", "type": "uwb", "src": "john", "dst": "static12", "range": 9.033628, "ble_rssi": -91},
{"timestamp": "2020-10-15T23:12:51.016000", "type": "vio", "user": "john", "pose": [[0.8635294353183779, 0.48982451925483245, 0.11995355215872347, 0.314], [-0.41780634053074667, 0.5616885391953712, 0.7141035266324313, 1.34], [0.282408881147582, -0.666766769772866, 0.6896863769682773, -0.085], [0.0, 0.0, 0.0, 1.0]]},
{"timestamp": "2020-10-15T23:12:51.081000", "type": "vio", "user": "elahe", "pose": [[0.8881692404856777, 0.44359768151104145, -0.1199020317305893, 0.121], [-0.041415315198994274, 0.3371447674354594, 0.9405414278264718, 1.862], [0.4576463393517559, -0.83039418516083, 0.3178133498281953, -0.502], [0.0, 0.0, 0.0, 1.0]]},
{"timestamp": "2020-10-15T23:12:51.135000", "type": "vio", "user": "john", "pose": [[0.8904497133934338, 0.44887966522913536, 0.07487559055747829, 0.338], [-0.3698294356039932, 0.617898565067788, 0.6938498049635818, 1.312], [0.26518954820728446, -0.6455295573642993, 0.7162165134166263, -0.184], [0.0, 0.0, 0.0, 1.0]]},
{"timestamp": "2020-10-15T23:12:51.142359", "type": "uwb", "src": "john", "dst": "elahe", "range": 1.294538, "ble_rssi": -71},
{"timestamp": "2020-10-15T23:12:51.213000", "type": "vio", "user": "elahe", "pose": [[0.9242989775108423, 0.3608552164158643, -0.1243177901905885, 0.128], [0.004455002671800767, 0.3154986460874631, 0.9489155690935691, 1.846], [0.38164322753535884, -0.8776355263447564, 0.2900074650314313, -0.54], [0.0, 0.0, 0.0, 1.0]]},
{"timestamp": "2020-10-15T23:12:51.253000", "type": "vio", "user": "john", "pose": [[0.8894407501755973, 0.4532150811549599, 0.059086734050664086, 0.355], [-0.3446269233155168, 0.5801153839226931, 0.7380368724273247, 1.295], [0.3002123176239637, -0.6768029488336538, 0.672168381283231, -0.23], [0.0, 0.0, 0.0, 1.0]]},
{"timestamp": "2020-10-15T23:12:51.288917", "type": "uwb", "src": "john", "dst": "static7", "range": 10.529851, "ble_rssi": -91},
{"timestamp": "2020-10-15T23:12:51.335000", "type": "vio", "user": "elahe", "pose": [[0.9373225180504512, 0.3121124373754753, -0.1549591029630118, 0.156], [0.059835772367471785, 0.29392709476162215, 0.9539531137902848, 1.83], [0.3432873104277951, -0.9034338323311408, 0.2568289958293616, -0.596], [0.0, 0.0, 0.0, 1.0]]},
{"timestamp": "2020-10-15T23:12:51.369000", "type": "vio", "user": "john", "pose": [[0.8760491969579042, 0.4790880915269905, 0.0548853811723794, 0.37], [-0.34094124096865264, 0.5348698545580419, 0.7730933377618866, 1.295], [0.34102327591554005, -0.695980487687755, 0.6319131950210791, -0.237], [0.0, 0.0, 0.0, 1.0]]},
{"timestamp": "2020-10-15T23:12:51.435549", "type": "uwb", "src": "john", "dst": "static12", "range": 8.414501, "ble_rssi": -91},
{"timestamp": "2020-10-15T23:12:51.461000", "type": "vio", "user": "elahe", "pose": [[0.9452213449725055, 0.2901278401987514, -0.14960763800680507, 0.192], [0.04567321636818618, 0.3362611292584227, 0.9406606243786517, 1.834], [0.3232190686128408, -0.8959655625588843, 0.30459012523978785, -0.649], [0.0, 0.0, 0.0, 1.0]]},
{"timestamp": "2020-10-15T23:12:51.487000", "type": "vio", "user": "john", "pose": [[0.8451189092633007, 0.5330903606384234, 0.039858457070045344, 0.409], [-0.310742340259122, 0.429217533240385, 0.8480633862685755, 1.326], [0.4349864678077848, -0.7291001142185033, 0.5283935997631617, -0.217], [0.0, 0.0, 0.0, 1.0]]},
{"timestamp": "2020-10-15T23:12:51.571000", "type": "vio", "user": "elahe", "pose": [[0.9465779298497865, 0.3044602049172541, -0.10627420356340449, 0.268], [-0.0017858017760029044, 0.3345018702923977, 0.9423933943332288, 1.85], [0.32247020580715535, -0.8918590036505945, 0.3171757934869231, -0.725], [0.0, 0.0, 0.0, 1.0]]},
{"timestamp": "2020-10-15T23:12:51.581649", "type": "uwb", "src": "john", "dst": "elahe", "range": 1.505604, "ble_rssi": -69},
{"timestamp": "2020-10-15T23:12:51.603000", "type": "vio", "user": "john", "pose": [[0.8140510932501257, 0.5807614746066926, 0.006076774714864008, 0.457], [-0.26387425351257354, 0.36051035319005703, 0.8946522584646855, 1.391], [0.5173888246874466, -0.7298961534735201, 0.4467218477230573, -0.187], [0.0, 0.0, 0.0, 1.0]]},
{"timestamp": "2020-10-15T23:12:51.698000", "type": "vio", "user": "elahe", "pose": [[0.9466079862172895, 0.3028838562808667, -0.11042957046950358, 0.325], [-0.00622780246114113, 0.35965359347799575, 0.9330651141130878, 1.866], [0.32232675176930753, -0.8825591551294428, 0.34233726468360315, -0.778], [0.0, 0.0, 0.0, 1.0]]},
{"timestamp": "2020-10-15T23:12:51.720000", "type": "vio", "user": "john", "pose": [[0.7915123479967358, 0.6111069392087068, 0.0075174343801471255, 0.499], [-0.2570305733695789, 0.32169873190854514, 0.911287666020856, 1.462], [0.5544758672133527, -0.7232276507016304, 0.4117016856154474, -0.162], [0.0, 0.0, 0.0, 1.0]]},
{"timestamp": "2020-10-15T23:12:51.777074", "type": "uwb", "src": "john", "dst": "static7", "range": 9.765323, "ble_rssi": -90},
{"timestamp": "2020-10-15T23:12:51.839000", "type": "vio", "user": "john", "pose": [[0.754814711117333, 0.6504809711417316, -0.08443493390396578, 0.58], [-0.22845829250244992, 0.38137311761294324, 0.8957462552246865, 1.617], [0.6148671079735217, -0.6568325900445974, 0.43647381157130577, -0.125], [0.0, 0.0, 0.0, 1.0]]},
{"timestamp": "2020-10-15T23:12:51.861000", "type": "vio", "user": "elahe", "pose": [[0.9463341685797309, 0.3102115123961568, -0.09066674669027358, 0.406], [-0.044277061733211276, 0.40233368843808914, 0.914421754417553, 1.879], [0.32014244202039593, -0.8613340935575993, 0.39447737082439305, -0.864], [0.0, 0.0, 0.0, 1.0]]},
{"timestamp": "2020-10-15T23:12:51.923812", "type": "uwb", "src": "john", "dst": "static12", "range": 8.775658, "ble_rssi": -91},
{"timestamp": "2020-10-15T23:12:51.956000", "type": "vio", "user": "john", "pose": [[0.7177889917989964, 0.6660167783286928, -0.20297934436008352, 0.642], [-0.21049175996300845, 0.48546058333817077, 0.8485406537182755, 1.731], [0.6636807833890144, -0.5663476609024106, 0.4886493065077576, -0.104], [0.0, 0.0, 0.0, 1.0]]},
{"timestamp": "2020-10-15T23:12:51.962000", "type": "vio", "user": "elahe", "pose": [[0.9550515954643592, 0.28877659898939095, -0.06696660269942427, 0.473], [-0.061506553558982005, 0.41402272620453573, 0.9081861736755632, 1.878], [0.2899886098974891, -0.8632457692119231, 0.413174718572467, -0.947], [0.0, 0.0, 0.0, 1.0]]},
{"timestamp": "2020-10-15T23:12:52.072000", "type": "vio", "user": "john", "pose": [[0.6732892406259657, 0.6872561540931108, -0.27269135871614403, 0.682], [-0.2115829868692011, 0.532475949205041, 0.8195742816765897, 1.789], [0.7084590588910681, -0.49411369357601986, 0.5039220373191127, -0.096], [0.0, 0.0, 0.0, 1.0]]},
{"timestamp": "2020-10-15T23:12:52.087000", "type": "vio", "user": "elahe", "pose": [[0.9619132462826626, 0.26746810672298765, -0.05642444959385805, 0.532], [-0.07005760558939374, 0.44073831247153483, 0.8948975761609952, 1.873], [0.26422497710290427, -0.8568608707402643, 0.4426901960391776, -1.021], [0.0, 0.0, 0.0, 1.0]]},
{"timestamp": "2020-10-15T23:12:52.070046", "type": "uwb", "src": "john", "dst": "elahe", "range": 1.937117, "ble_rssi": -68},
{"timestamp": "2020-10-15T23:12:52.191000", "type": "vio", "user": "john", "pose": [[0.57105922469203, 0.7314917834644723, -0.37257366066068465, 0.749], [-0.23281651471612327, 0.5795359038189081, 0.7809831026726752, 1.843], [0.7872025357997614, -0.35924630395978574, 0.5012526914857002, -0.09], [0.0, 0.0, 0.0, 1.0]]},
{"timestamp": "2020-10-15T23:12:52.187000", "type": "vio", "user": "elahe", "pose": [[0.9655796359334613, 0.24478923646740158, -0.08794427997494159, 0.612], [-0.04735922370838708, 0.49791029923236096, 0.865934430455378, 1.889], [0.2557597908201039, -0.8319636792721468, 0.4923650736715688, -1.148], [0.0, 0.0, 0.0, 1.0]]},
{"timestamp": "2020-10-15T23:12:52.216650", "type": "uwb", "src": "john", "dst": "static7", "range": 10.726846, "ble_rssi": -87},
{"timestamp": "2020-10-15T23:12:52.311000", "type": "vio", "user": "john", "pose": [[0.5073072398791503, 0.7561451673674247, -0.4133809988776541, 0.809], [-0.24096151943416982, 0.5850219322135193, 0.7743945279901815, 1.851], [0.8273916306793138, -0.29324703697744214, 0.47898775014166717, -0.104], [0.0, 0.0, 0.0, 1.0]]},
{"timestamp": "2020-10-15T23:12:52.315000", "type": "vio", "user": "elahe", "pose": [[0.9445791395929418, 0.27773217583265764, -0.17502881920733931, 0.677], [0.0019476085306853186, 0.5284127890294051, 0.8489853539438573, 1.913], [0.3282780161187601, -0.802274742776702, 0.49858678405640466, -1.237], [0.0, 0.0, 0.0, 1.0]]},
{"timestamp": "2020-10-15T23:12:52.363147", "type": "uwb", "src": "john", "dst": "static12", "range": 10.337547, "ble_rssi": -91},
