{"timestamp": "2020-10-15T23:25:01.123000", "type": "vio", "user": "elahe", "pose": [[-0.9957898145899118, -0.07594526758966887, 0.05133187596146061, -0.021], [0.05036029471297872, 0.014654683831268568, 0.9986235932313174, 1.31], [-0.07659298842199012, 0.9970042911505144, -0.010768358837341051, 0.0], [0.0, 0.0, 0.0, 1.0]]},
{"timestamp": "2020-10-15T23:25:01.145000", "type": "vio", "user": "john", "pose": [[0.977167284365735, 0.1676211108191099, -0.1305651621722356, -0.005], [-0.00032375491752743846, 0.6156809295363409, 0.787995487416026, 1.289], [0.21247115933238533, -0.7699611394174608, 0.6016775301097068, 0.001], [0.0, 0.0, 0.0, 1.0]]},
{"timestamp": "2020-10-15T23:25:01.263000", "type": "vio", "user": "john", "pose": [[0.9773175256101333, 0.16846577457076184, -0.12833447289625505, -0.005], [-0.003367633676737203, 0.6182681112920841, 0.7859600508949155, 1.29], [0.21175248092692012, -0.7677003486762216, 0.6048115917074522, 0.002], [0.0, 0.0, 0.0, 1.0]]},
{"timestamp": "2020-10-15T23:25:01.253000", "type": "vio", "user": "elahe", "pose": [[-0.9957898987556612, -0.07587178182639628, 0.05143880110070359, -0.021], [0.05025133664717212, 0.01747911691826989, 0.9985836387789107, 1.31], [-0.07666342479541727, 0.9969643690695495, -0.013592869615803282, 0.0], [0.0, 0.0, 0.0, 1.0]]},
{"timestamp": "2020-10-15T23:25:01.381000", "type": "vio", "user": "john", "pose": [[0.9769708643968565, 0.16638525495900713, -0.13358097563607374, -0.006], [0.0018543199860925896, 0.619400822854494, 0.7850727241119546, 1.29], [0.21336469158942, -0.7672408797629349, 0.6048280258086176, 0.002], [0.0, 0.0, 0.0, 1.0]]},
{"timestamp": "2020-10-15T23:25:01.370000", "type": "vio", "user": "elahe", "pose": [[-0.9957898987556612, -0.07587178182639628, 0.05143880110070359, -0.021], [0.05025133664717212, 0.01747911691826989, 0.9985836387789107, 1.309], [-0.07666342479541727, 0.9969643690695495, -0.013592869615803282, 0.001], [0.0, 0.0, 0.0, 1.0]]},
{"timestamp": "2020-10-15T23:25:01.500000", "type": "vio", "user": "john", "pose": [[0.9751788830497373, 0.17202174097834405, -0.13940827337230177, -0.01], [0.004130185858363625, 0.6153726917711297, 0.7882254701461566, 1.288], [0.2213799620982944, -0.7692366156477042, 0.5993879724587606, -0.002], [0.0, 0.0, 0.0, 1.0]]},
{"timestamp": "2020-10-15T23:25:01.497000", "type": "vio", "user": "elahe", "pose": [[-0.9957839019526978, -0.0759618349035262, 0.05142198216666599, -0.021], [0.05034093138530651, 0.01607962939977656, 0.9986026417677981, 1.308], [-0.07668253542443254, 0.9969810655957588, -0.012187846586882458, 0.001], [0.0, 0.0, 0.0, 1.0]]},
{"timestamp": "2020-10-15T23:25:01.614000", "type": "vio", "user": "john", "pose": [[0.977329773457609, 0.1834082079649554, -0.10577307391005447, -0.017], [-0.03146333274712626, 0.6198500375705447, 0.7840892740091765, 1.294], [0.20937185246766526, -0.7629858191178114, 0.6115685302722664, -0.003], [0.0, 0.0, 0.0, 1.0]]},
{"timestamp": "2020-10-15T23:25:01.616000", "type": "vio", "user": "elahe", "pose": [[-0.9958178638673647, -0.07453971978286525, 0.05282624515645973, -0.021], [0.05176519577862507, 0.016096919853735285, 0.9985295457207177, 1.308], [-0.07528045236739134, 0.997088120150829, -0.012171037155746972, 0.002], [0.0, 0.0, 0.0, 1.0]]},
{"timestamp": "2020-10-15T23:25:01.727000", "type": "vio", "user": "john", "pose": [[0.9805978899179858, 0.169346786956948, -0.09873927301612079, -0.027], [-0.032561610753294876, 0.6374084367265518, 0.7698377921971383, 1.301], [0.19330680224333774, -0.7516862048336205, 0.630555572229192, 0.0], [0.0, 0.0, 0.0, 1.0]]},
{"timestamp": "2020-10-15T23:25:01.765000", "type": "vio", "user": "elahe", "pose": [[-0.9958178638673647, -0.07453971978286525, 0.05282624515645973, -0.021], [0.05176519577862507, 0.016096919853735285, 0.9985295457207177, 1.307], [-0.07528045236739134, 0.997088120150829, -0.012171037155746972, 0.002], [0.0, 0.0, 0.0, 1.0]]},
{"timestamp": "2020-10-15T23:25:01.845000", "type": "vio", "user": "john", "pose": [[0.9755468828179727, 0.17426998899229462, -0.1339337536275393, -0.031], [-0.018573001100770536, 0.672550785549885, 0.7398178725107576, 1.32], [0.21900530371259885, -0.7192394676273393, 0.6593415390773543, 0.012], [0.0, 0.0, 0.0, 1.0]]},
{"timestamp": "2020-10-15T23:25:01.891000", "type": "vio", "user": "elahe", "pose": [[-0.9957839019526978, -0.0759618349035262, 0.05142198216666599, -0.02], [0.05034093138530651, 0.01607962939977656, 0.9986026417677981, 1.31], [-0.07668253542443254, 0.9969810655957588, -0.012187846586882458, 0.0], [0.0, 0.0, 0.0, 1.0]]},
{"timestamp": "2020-10-15T23:25:01.961000", "type": "vio", "user": "john", "pose": [[0.9711809401853682, 0.1971726316819875, -0.13390494664598368, -0.025], [-0.040196055908097036, 0.6892631721941821, 0.7233951593328826, 1.338], [0.2349294756093785, -0.6971651402447004, 0.6773248177333308, 0.038], [0.0, 0.0, 0.0, 1.0]]},
{"timestamp": "2020-10-15T23:25:02.006000", "type": "vio", "user": "elahe", "pose": [[-0.9957898145899118, -0.07594526758966887, 0.05133187596146061, -0.02], [0.05036029471297872, 0.014654683831268568, 0.9986235932313174, 1.311], [-0.07659298842199012, 0.9970042911505144, -0.010768358837341051, 0.0], [0.0, 0.0, 0.0, 1.0]]},
{"timestamp": "2020-10-15T23:25:02.080000", "type": "vio", "user": "john", "pose": [[0.9684363786075671, 0.21246536205830063, -0.13034358639724436, -0.019], [-0.04942895487099645, 0.6762295532467479, 0.7350308631180493, 1.339], [0.24431078365438902, -0.7053878799930848, 0.6653872404465233, 0.065], [0.0, 0.0, 0.0, 1.0]]},
{"timestamp": "2020-10-15T23:25:02.133000", "type": "vio", "user": "elahe", "pose": [[-0.9955222341989612, -0.08020144941896135, 0.050032076976737436, -0.021], [0.048891117429758435, 0.01612856412242682, 0.9986738847370639, 1.312], [-0.08090203861447477, 0.9966481811203222, -0.01213520570800029, -0.001], [0.0, 0.0, 0.0, 1.0]]},
{"timestamp": "2020-10-15T23:25:02.198000", "type": "vio", "user": "john", "pose": [[0.9659718596141651, 0.23052069516715978, -0.11729695449243874, -0.011], [-0.056604868250738724, 0.6309220147603987, 0.7737785860186335, 1.321], [0.2523772084081056, -0.7408087610107812, 0.6225015054486238, 0.112], [0.0, 0.0, 0.0, 1.0]]},
{"timestamp": "2020-10-15T23:25:02.251000", "type": "vio", "user": "elahe", "pose": [[-0.9944284901208228, -0.0856392082254291, 0.061464656922025865, -0.021], [0.06000026007047911, 0.019572304094409524, 0.9980064597505923, 1.312], [-0.08667148797324074, 0.9961339523010736, -0.014324882043033667, -0.002], [0.0, 0.0, 0.0, 1.0]]},
{"timestamp": "2020-10-15T23:25:02.315000", "type": "vio", "user": "john", "pose": [[0.9802642311206653, 0.19768595107490883, -0.001517212252589814, -0.031], [-0.11408315243879857, 0.5719379784447773, 0.8123250477131226, 1.308], [0.16145300094775722, -0.7961200999598678, 0.583202979180365, 0.129], [0.0, 0.0, 0.0, 1.0]]},
{"timestamp": "2020-10-15T23:25:02.404000", "type": "vio", "user": "elahe", "pose": [[-0.9975248762938375, -0.06061151762900357, 0.035642181550423896, -0.014], [0.0350399081182857, 0.010970980825294772, 0.9993256938650147, 1.312], [-0.060961676601176934, 0.9981011379166141, -0.008820004281943985, -0.002], [0.0, 0.0, 0.0, 1.0]]},
{"timestamp": "2020-10-15T23:25:02.431000", "type": "vio", "user": "john", "pose": [[0.9726709912438809, 0.22576972176154048, 0.05421416354019529, -0.037], [-0.16914835019278662, 0.5290489428977867, 0.8315624159651475, 1.3], [0.1590596693687777, -0.8180068757378823, 0.5527791356643665, 0.133], [0.0, 0.0, 0.0, 1.0]]},
{"timestamp": "2020-10-15T23:25:02.532000", "type": "vio", "user": "elahe", "pose": [[-0.9991801688852096, -0.03949986302821619, -0.008874171920584364, -0.004], [-0.00809033339132139, -0.019959888263017835, 0.9997680477821568, 1.309], [-0.03966782842734397, 0.9990202018384212, 0.01962395746476223, 0.004], [0.0, 0.0, 0.0, 1.0]]},
{"timestamp": "2020-10-15T23:25:02.550000", "type": "vio", "user": "john", "pose": [[0.9513428688516397, 0.27105260527552055, 0.14655112097314266, -0.033], [-0.26720641298589665, 0.48884624226613493, 0.8304396933441283, 1.308], [0.15345187761751977, -0.8291922796285747, 0.5374873809309624, 0.142], [0.0, 0.0, 0.0, 1.0]]},
{"timestamp": "2020-10-15T23:25:02.653000", "type": "vio", "user": "elahe", "pose": [[-0.999372290002019, -0.030733800983945417, -0.01761985962485332, 0.002], [-0.016300469183237347, -0.04266428909843653, 0.9989564821052672, 1.308], [-0.031453468497554135, 0.9986166391127298, 0.04213653292179012, 0.009], [0.0, 0.0, 0.0, 1.0]]},
{"timestamp": "2020-10-15T23:25:02.670000", "type": "vio", "user": "john", "pose": [[0.922795136093574, 0.2583962789655748, 0.2857980052743323, -0.026], [-0.36560303299107844, 0.3531672495367207, 0.861166253473969, 1.307], [0.12158766002258145, -0.8991686476248004, 0.42037148340345437, 0.144], [0.0, 0.0, 0.0, 1.0]]},
{"timestamp": "2020-10-15T23:25:02.788000", "type": "vio", "user": "john", "pose": [[0.89061558463102, 0.19612647660466623, 0.41029048927191314, -0.025], [-0.44926755611872204, 0.23970536359375688, 0.8606392982449128, 1.301], [0.07044532228230288, -0.950828977176771, 0.301598595370599, 0.157], [0.0, 0.0, 0.0, 1.0]]},
{"timestamp": "2020-10-15T23:25:02.780000", "type": "vio", "user": "elahe", "pose": [[-0.998430808133811, 0.010204744556553368, -0.055061643253724334, 0.024], [-0.05517358560341424, -0.011033317841311693, 0.9984158158548346, 1.32], [0.009581065751138158, 0.999887058165045, 0.011579036796049972, 0.021], [0.0, 0.0, 0.0, 1.0]]},
{"timestamp": "2020-10-15T23:25:02.907000", "type": "vio", "user": "john", "pose": [[0.8571095997306294, 0.14397547686918433, 0.4946050910675016, -0.018], [-0.5150836638021045, 0.2260965918003779, 0.826782408170647, 1.31], [0.0072078661059438165, -0.9634061413736912, 0.267948975421916, 0.18], [0.0, 0.0, 0.0, 1.0]]},
{"timestamp": "2020-10-15T23:25:02.901000", "type": "vio", "user": "elahe", "pose": [[-0.987673044757945, 0.003341174729841745, -0.15649534564962458, 0.027], [-0.15644735750269687, 0.011610132297322582, 0.9876180583395904, 1.351], [0.005116736166166966, 0.9999270180265476, -0.010944296758700591, 0.059], [0.0, 0.0, 0.0, 1.0]]},
{"timestamp": "2020-10-15T23:25:03.028000", "type": "vio", "user": "john", "pose": [[0.8106457321051563, 0.12037173034861962, 0.5730306654556754, -0.009], [-0.5847848741997916, 0.21601905612624683, 0.7818966800655054, 1.328], [-0.02966728714980421, -0.968940872253413, 0.24550649309125505, 0.192], [0.0, 0.0, 0.0, 1.0]]},
{"timestamp": "2020-10-15T23:25:03.055000", "type": "vio", "user": "elahe", "pose": [[-0.9677495447194453, -0.01799332721628176, -0.2512708874322577, 0.022], [-0.25076113313382953, -0.026523215809979524, 0.9676855755525838, 1.38], [-0.02407639517752444, 0.9994862476286431, 0.02115580290300067, 0.097], [0.0, 0.0, 0.0, 1.0]]},
{"timestamp": "2020-10-15T23:25:03.147000", "type": "vio", "user": "john", "pose": [[0.8011837890441562, 0.12608632228077218, 0.5849844233024997, -0.007], [-0.5968163188636904, 0.23983917734254945, 0.7656940972409563, 1.339], [-0.043758630129869136, -0.9625899481842506, 0.2674056355872084, 0.192], [0.0, 0.0, 0.0, 1.0]]},
{"timestamp": "2020-10-15T23:25:03.156000", "type": "vio", "user": "elahe", "pose": [[-0.964217476116641, 0.0047056469764417685, -0.2650707747711699, 0.023], [-0.26469264242484875, 0.03916370729755402, 0.9635372380333118, 1.458], [0.014915220327114481, 0.9992217276046618, -0.03651678087330557, 0.127], [0.0, 0.0, 0.0, 1.0]]},
{"timestamp": "2020-10-15T23:25:03.265000", "type": "vio", "user": "john", "pose": [[0.8005072020288082, 0.129004516018064, 0.5852743410973644, -0.01], [-0.5957383829535319, 0.27792911171644674, 0.7535590142360571, 1.347], [-0.06545226180904717, -0.9518998075992304, 0.2993371973487893, 0.189], [0.0, 0.0, 0.0, 1.0]]},
{"timestamp": "2020-10-15T23:25:03.276000", "type": "vio", "user": "elahe", "pose": [[-0.9642243494722912, 0.045159362171487624, -0.2612126258299957, 0.03], [-0.2533842034190375, 0.13254642628318847, 0.9582420833679008, 1.54], [0.07789640134458549, 0.9901475025913158, -0.1163618226470503, 0.138], [0.0, 0.0, 0.0, 1.0]]},
{"timestamp": "2020-10-15T23:25:03.385000", "type": "vio", "user": "john", "pose": [[0.8045638737464835, 0.13980023683776607, 0.5771766340057058, -0.006], [-0.5915547849722937, 0.2743270859461266, 0.7581606599479355, 1.344], [-0.052344144261181, -0.9514202771101793, 0.3034131619840407, 0.186], [0.0, 0.0, 0.0, 1.0]]},
{"timestamp": "2020-10-15T23:25:03.379000", "type": "vio", "user": "elahe", "pose": [[-0.9593271262843419, 0.15391601180599515, -0.23664599317284615, 0.052], [-0.19432684123616886, 0.24799691147803984, 0.9490703928963994, 1.658], [0.20476460521828185, 0.9564556410033295, -0.20800015202569253, 0.131], [0.0, 0.0, 0.0, 1.0]]},
{"timestamp": "2020-10-15T23:25:03.501000", "type": "vio", "user": "john", "pose": [[0.8121100968835766, 0.15380305308835782, 0.5628692667044876, -0.003], [-0.5825001225677799, 0.27025845292446704, 0.7665859220148743, 1.339], [-0.03421692195784265, -0.9504235842420861, 0.3090699156633617, 0.182], [0.0, 0.0, 0.0, 1.0]]},
{"timestamp": "2020-10-15T23:25:03.496000", "type": "vio", "user": "elahe", "pose": [[-0.9475414425403428, 0.26221280169569483, -0.18278309904217244, 0.08], [-0.11653902297586435, 0.24907516647003553, 0.9614469395508809, 1.744], [0.29763042652322586, 0.9323121838069148, -0.20545101881661315, 0.118], [0.0, 0.0, 0.0, 1.0]]},
{"timestamp": "2020-10-15T23:25:03.623000", "type": "vio", "user": "john", "pose": [[0.8176615478851124, 0.17437753407711298, 0.5486547810046931, 0.001], [-0.5756862713698204, 0.254053772728501, 0.7772013880061776, 1.331], [-0.0038613555179450865, -0.9513407150814058, 0.3081167534587556, 0.174], [0.0, 0.0, 0.0, 1.0]]},
{"timestamp": "2020-10-15T23:25:03.627000", "type": "vio", "user": "elahe", "pose": [[-0.903129269663708, 0.4028942193629437, -0.1484377656818559, 0.113], [-0.046001844394700425, 0.2529281266190966, 0.9663908076328332, 1.845], [0.42689735603419127, 0.8796042353063555, -0.20989291708425617, 0.093], [0.0, 0.0, 0.0, 1.0]]},
{"timestamp": "2020-10-15T23:25:03.743000", "type": "vio", "user": "john", "pose": [[0.8247335543919136, 0.18329857412214232, 0.5349917728197973, 0.002], [-0.5653398150509884, 0.24325146163733397, 0.7881748663395798, 1.325], [0.01433379845659094, -0.9524864088983578, 0.30424362456050863, 0.168], [0.0, 0.0, 0.0, 1.0]]},
{"timestamp": "2020-10-15T23:25:03.748000", "type": "vio", "user": "elahe", "pose": [[-0.8078684427561045, 0.5768205333266689, -0.12094069427436085, 0.145], [0.027591032914302926, 0.24199635118586474, 0.9698847874440809, 1.905], [0.5887166670831981, 0.7802024342088824, -0.21141628970584578, 0.048], [0.0, 0.0, 0.0, 1.0]]},
{"timestamp": "2020-10-15T23:25:03.889000", "type": "vio", "user": "john", "pose": [[0.8308923463699451, 0.1855830646145963, 0.5245730024239731, 0.001], [-0.5555402097307208, 0.22328775623357422, 0.8009479716489222, 1.316], [0.03151165048349355, -0.9569229352693093, 0.28862694233105757, 0.163], [0.0, 0.0, 0.0, 1.0]]},
{"timestamp": "2020-10-15T23:25:03.877000", "type": "vio", "user": "elahe", "pose": [[-0.6381515653970545, 0.7689356740117886, -0.038736401656902675, 0.183], [0.17811504313267412, 0.19639417643893908, 0.96421178113043, 1.934], [0.7490244395152499, 0.6084137216507424, -0.262288261872236, -0.015], [0.0, 0.0, 0.0, 1.0]]},
{"timestamp": "2020-10-15T23:25:04.009000", "type": "vio", "user": "john", "pose": [[0.8423432435676843, 0.18590692649353766, 0.5058621103597294, -0.002], [-0.53745748469449, 0.22015925733263975, 0.8140450562202393, 1.312], [0.03996638789964385, -0.957584730502981, 0.28536673202352847, 0.162], [0.0, 0.0, 0.0, 1.0]]},
{"timestamp": "2020-10-15T23:25:03.999000", "type": "vio", "user": "elahe", "pose": [[-0.538280770315378, 0.8423969456183262, 0.024923850456897267, 0.198], [0.26710039739761554, 0.1424751451491291, 0.9530782815303108, 1.938], [0.7993192040847755, 0.5196808819147084, -0.30169618982286106, -0.061], [0.0, 0.0, 0.0, 1.0]]},
{"timestamp": "2020-10-15T23:25:04.127000", "type": "vio", "user": "john", "pose": [[0.8433585288334797, 0.179343423534424, 0.5065395624023666, -0.005], [-0.5364941384959107, 0.2278035911088354, 0.8125758815258113, 1.313], [0.03033860912038433, -0.9570483061543293, 0.28833679696453907, 0.165], [0.0, 0.0, 0.0, 1.0]]},
{"timestamp": "2020-10-15T23:25:04.153000", "type": "vio", "user": "elahe", "pose": [[-0.47506455632651984, 0.8754737964320503, -0.0886526879634204, 0.216], [0.2319467307796163, 0.2217697334338764, 0.9471108168600522, 1.958], [0.8488311854561748, 0.42937607885572765, -0.3084182249860486, -0.111], [0.0, 0.0, 0.0, 1.0]]},
{"timestamp": "2020-10-15T23:25:04.245000", "type": "vio", "user": "john", "pose": [[0.8457984117776489, 0.17322025083511697, 0.5045986438101334, -0.007], [-0.533114636049047, 0.23835336947172608, 0.8117736483107634, 1.315], [0.020342847998719854, -0.9556057848098733, 0.29394515232132506, 0.169], [0.0, 0.0, 0.0, 1.0]]},
{"timestamp": "2020-10-15T23:25:04.284000", "type": "vio", "user": "elahe", "pose": [[-0.48865942688264696, 0.8326398150795729, -0.2606202272713639, 0.243], [0.07632166716322708, 0.33836359019169904, 0.9379152861287683, 1.971], [0.8691300061786776, 0.4384301759423482, -0.22889301689438457, -0.139], [0.0, 0.0, 0.0, 1.0]]},
{"timestamp": "2020-10-15T23:25:04.366000", "type": "vio", "user": "john", "pose": [[0.8489856289100759, 0.17167755991285408, 0.49975015490395963, -0.009], [-0.5279566668665429, 0.23616557734204807, 0.8157742199836102, 1.313], [0.022026343666926518, -0.9564270152505447, 0.2911394935140214, 0.169], [0.0, 0.0, 0.0, 1.0]]},
{"timestamp": "2020-10-15T23:25:04.407000", "type": "vio", "user": "elahe", "pose": [[-0.5125777960347133, 0.8132545353326674, -0.27546517706062656, 0.268], [0.031175383520583466, 0.33823072302462776, 0.9405466886149679, 1.968], [0.8580746462135679, 0.4735156161765778, -0.19872308059804114, -0.137], [0.0, 0.0, 0.0, 1.0]]},
{"timestamp": "2020-10-15T23:25:04.514000", "type": "vio", "user": "john", "pose": [[0.8513463928389675, 0.1661702614800573, 0.49759096012661574, -0.013], [-0.5239979163979679, 0.22377625873458173, 0.8217970367659775, 1.31], [0.025209185045656307, -0.9603705692212785, 0.27758398145954133, 0.169], [0.0, 0.0, 0.0, 1.0]]},
{"timestamp": "2020-10-15T23:25:04.538000", "type": "vio", "user": "elahe", "pose": [[-0.45924450896679747, 0.8473181537059666, -0.26673287645912164, 0.337], [0.014033944841381152, 0.3071531554394774, 0.9515566128695452, 1.958], [0.8881990370271937, 0.4332538349557731, -0.1529496162796157, -0.163], [0.0, 0.0, 0.0, 1.0]]},
{"timestamp": "2020-10-15T23:25:04.634000", "type": "vio", "user": "john", "pose": [[0.859329711231315, 0.15034521910518897, 0.48882385629929925, -0.023], [-0.5111321667446259, 0.22030456041034513, 0.8307886667386291, 1.307], [0.017214979350820198, -0.9637749819094796, 0.26616053188129435, 0.172], [0.0, 0.0, 0.0, 1.0]]},
{"timestamp": "2020-10-15T23:25:04.668000", "type": "vio", "user": "elahe", "pose": [[-0.3914739916167115, 0.8605883493476669, -0.3257849088812088, 0.39], [0.0058047377373915965, 0.3563437348210307, 0.9343369026607049, 1.966], [0.9201708639744466, 0.3638775008445254, -0.14449479392581363, -0.195], [0.0, 0.0, 0.0, 1.0]]},
{"timestamp": "2020-10-15T23:25:04.751000", "type": "vio", "user": "john", "pose": [[0.8653824224321951, 0.1389048380223786, 0.48147555381282103, -0.029], [-0.5010913208483294, 0.23113395338229448, 0.8339571834119232, 1.307], [0.0045553392697452455, -0.9629551088019878, 0.269623269241157, 0.177], [0.0, 0.0, 0.0, 1.0]]},
{"timestamp": "2020-10-15T23:25:04.772000", "type": "vio", "user": "elahe", "pose": [[-0.3549057871333056, 0.8612559582840142, -0.36370325346300253, 0.411], [0.008125659809974761, 0.39185514571803315, 0.919991042579737, 1.972], [0.9348667583735883, 0.3235548162129306, -0.1460699318596244, -0.219], [0.0, 0.0, 0.0, 1.0]]},
{"timestamp": "2020-10-15T23:25:04.869000", "type": "vio", "user": "john", "pose": [[0.8715783500148864, 0.11351315707968584, 0.4769338978885129, -0.039], [-0.48966036770685756, 0.24950794580110425, 0.8354510813203236, 1.309], [-0.02416410731876925, -0.9616967027872746, 0.2730486179521354, 0.188], [0.0, 0.0, 0.0, 1.0]]},
{"timestamp": "2020-10-15T23:25:04.902000", "type": "vio", "user": "elahe", "pose": [[-0.3202224986166383, 0.8602039070340821, -0.3968712507892416, 0.425], [-0.0005643515910411789, 0.41875788616307963, 0.9080977448950696, 1.976], [0.9473421941869784, 0.2910173037802551, -0.13361023917900852, -0.229], [0.0, 0.0, 0.0, 1.0]]},
{"timestamp": "2020-10-15T23:25:04.988000", "type": "vio", "user": "john", "pose": [[0.874898082704322, 0.09978140928485318, 0.47391667542029936, -0.046], [-0.48240419774206283, 0.26620547527223803, 0.8345183251049182, 1.313], [-0.0428897992666957, -0.9587378762186305, 0.28103763061670595, 0.197], [0.0, 0.0, 0.0, 1.0]]},
{"timestamp": "2020-10-15T23:25:05.003000", "type": "vio", "user": "elahe", "pose": [[-0.2942134231003586, 0.8808642406928311, -0.3708323760625705, 0.455], [-0.010758058555003891, 0.3849287291106872, 0.9228835992048827, 1.966], [0.9556791960923376, 0.2755141792610203, -0.10377480996094335, -0.233], [0.0, 0.0, 0.0, 1.0]]},
{"timestamp": "2020-10-15T23:25:05.135000", "type": "vio", "user": "john", "pose": [[0.8668579437777162, 0.08311163636835897, 0.4915788453642439, -0.048], [-0.4944040455908194, 0.2702811513789836, 0.8261432919976301, 1.321], [-0.06420237544593307, -0.9591874452417652, 0.2753860923824491, 0.208], [0.0, 0.0, 0.0, 1.0]]},
{"timestamp": "2020-10-15T23:25:05.128000", "type": "vio", "user": "elahe", "pose": [[-0.2630457699639738, 0.896525995523221, -0.3564380202155176, 0.474], [0.02387815479893496, 0.37538531704516587, 0.9265612216525676, 1.957], [0.9644878208808333, 0.23521692774542774, -0.12015090625768884, -0.232], [0.0, 0.0, 0.0, 1.0]]},
{"timestamp": "2020-10-15T23:25:05.256000", "type": "vio", "user": "john", "pose": [[0.8438665429878832, 0.07360488631258111, 0.5314805531123326, -0.043], [-0.5325372262130977, 0.23586124361218097, 0.8128798044354253, 1.329], [-0.06552373862150193, -0.9689952499742336, 0.23823275426446655, 0.214], [0.0, 0.0, 0.0, 1.0]]},
{"timestamp": "2020-10-15T23:25:05.285000", "type": "vio", "user": "elahe", "pose": [[-0.2223583222266406, 0.9149463781524192, -0.33679355938367345, 0.513], [0.04654220509982049, 0.3550092017368404, 0.9337035342262648, 1.946], [0.9738534795753413, 0.19194163641050344, -0.12152287246053056, -0.228], [0.0, 0.0, 0.0, 1.0]]},
{"timestamp": "2020-10-15T23:25:05.375000", "type": "vio", "user": "john", "pose": [[0.8386091976802613, 0.09529986647689173, 0.5363324985636757, -0.033], [-0.5433529714396674, 0.2163935148206647, 0.8111358672696226, 1.332], [-0.038757734631330115, -0.9716438556348953, 0.23325105747499209, 0.211], [0.0, 0.0, 0.0, 1.0]]},
{"timestamp": "2020-10-15T23:25:05.417000", "type": "vio", "user": "elahe", "pose": [[-0.1533591684763264, 0.9101568905045851, -0.38483165164948996, 0.579], [0.02369954448563666, 0.3927141697360897, 0.9193551612296889, 1.954], [0.9878862773798526, 0.13187120821285597, -0.08179662223501977, -0.207], [0.0, 0.0, 0.0, 1.0]]},
{"timestamp": "2020-10-15T23:25:05.492000", "type": "vio", "user": "john", "pose": [[0.843321112779821, 0.14929259682265605, 0.5162569333904891, -0.006], [-0.5374085831652132, 0.23207360710171032, 0.8107612815293777, 1.341], [0.001231048399587098, -0.9611730132607492, 0.2759436955233604, 0.199], [0.0, 0.0, 0.0, 1.0]]},
{"timestamp": "2020-10-15T23:25:05.542000", "type": "vio", "user": "elahe", "pose": [[-0.13458426400604145, 0.8973736049898706, -0.42024717601601486, 0.628], [0.035266335553628625, 0.4281747094103497, 0.9030075878961268, 1.965], [0.9902743869547321, 0.10671003368402543, -0.08927265680253477, -0.18], [0.0, 0.0, 0.0, 1.0]]},
{"timestamp": "2020-10-15T23:25:05.609000", "type": "vio", "user": "john", "pose": [[0.831832017953806, 0.20383767600177946, 0.5162418965456917, 0.036], [-0.5527093152862262, 0.2192993417271042, 0.8040026190964118, 1.354], [0.05067451729153441, -0.9541268262449456, 0.29508319629727753, 0.178], [0.0, 0.0, 0.0, 1.0]]},
{"timestamp": "2020-10-15T23:25:05.643000", "type": "vio", "user": "elahe", "pose": [[-0.1372439281309777, 0.8788464498230057, -0.45693875062712513, 0.681], [0.032008858702495924, 0.4649979312371203, 0.8847329297080345, 1.984], [0.9900199680591006, 0.1067981347154402, -0.0919490144893354, -0.14], [0.0, 0.0, 0.0, 1.0]]},
{"timestamp": "2020-10-15T23:25:05.755000", "type": "vio", "user": "john", "pose": [[0.848775574101249, 0.3132281610454409, 0.4259907791692049, 0.103], [-0.5146900098330187, 0.3048585915876173, 0.8013460132260605, 1.37], [0.12113718911705895, -0.89941612074907, 0.4199719313829344, 0.144], [0.0, 0.0, 0.0, 1.0]]},
{"timestamp": "2020-10-15T23:25:05.770000", "type": "vio", "user": "elahe", "pose": [[-0.1466236712814647, 0.8555401095101267, -0.4965406529573838, 0.705], [0.0111011362351216, 0.5033572630274715, 0.8640070778250499, 1.994], [0.9891300540344702, 0.12117172432912293, -0.08330155718156063, -0.113], [0.0, 0.0, 0.0, 1.0]]},
{"timestamp": "2020-10-15T23:25:05.855000", "type": "vio", "user": "john", "pose": [[0.8439885806280653, 0.3894805785681787, 0.36876571788551626, 0.167], [-0.5070021148836813, 0.3549694766787825, 0.7854587997660128, 1.376], [0.17502037387943667, -0.8498832564208968, 0.49705766182859923, 0.099], [0.0, 0.0, 0.0, 1.0]]},
{"timestamp": "2020-10-15T23:25:05.870000", "type": "vio", "user": "elahe", "pose": [[-0.18491519191725408, 0.8522053298802613, -0.4894409540709478, 0.74], [0.028711652518664144, 0.5025018784071107, 0.8640992438412225, 1.998], [0.9823349799370132, 0.14573241890876526, -0.11738845459050712, -0.076], [0.0, 0.0, 0.0, 1.0]]},
{"timestamp": "2020-10-15T23:25:05.968000", "type": "vio", "user": "john", "pose": [[0.8293485672238072, 0.42767134627574155, 0.3595527410805157, 0.21], [-0.5225139118559204, 0.36574334200470693, 0.7702019343628339, 1.376], [0.19788927702339265, -0.8266371799973204, 0.5267929447944764, 0.058], [0.0, 0.0, 0.0, 1.0]]},
{"timestamp": "2020-10-15T23:25:05.999000", "type": "vio", "user": "elahe", "pose": [[-0.2391159142632019, 0.8275944820635068, -0.507849340655385, 0.766], [0.020882245891345075, 0.5272837081685139, 0.8494326476575969, 2.001], [0.9707664556177282, 0.19250782934233523, -0.14336395742757613, -0.049], [0.0, 0.0, 0.0, 1.0]]},
{"timestamp": "2020-10-15T23:25:06.089000", "type": "vio", "user": "john", "pose": [[0.85191959233864, 0.46943090097923185, 0.23209402705669183, 0.269], [-0.46240308487508724, 0.46630020100914804, 0.7541535053534071, 1.38], [0.24579746802513772, -0.7497991409335271, 0.6143165738996276, -0.035], [0.0, 0.0, 0.0, 1.0]]},
{"timestamp": "2020-10-15T23:25:06.103000", "type": "vio", "user": "elahe", "pose": [[-0.32247125184206155, 0.805574273322949, -0.49705370121910974, 0.809], [0.008759915140196528, 0.5276224258626445, 0.84943383474733, 1.996], [0.9465387237837394, 0.2695638438051744, -0.17719982644130677, -0.016], [0.0, 0.0, 0.0, 1.0]]},
{"timestamp": "2020-10-15T23:25:06.205000", "type": "vio", "user": "john", "pose": [[0.8546626433071615, 0.4893766294856206, 0.17338477628820068, 0.299], [-0.44296987984967456, 0.5131534831584372, 0.7351538534676455, 1.405], [0.2707941130844255, -0.7051127691622504, 0.655352219102951, -0.09], [0.0, 0.0, 0.0, 1.0]]},
{"timestamp": "2020-10-15T23:25:06.232000", "type": "vio", "user": "elahe", "pose": [[-0.36130536130536134, 0.8038016347029223, -0.472611222825815, 0.843], [0.00932400932400923, 0.5099392738877717, 0.8601598687435599, 1.994], [0.9324009324009324, 0.30637374070850476, -0.19173844753243896, 0.007], [0.0, 0.0, 0.0, 1.0]]},
{"timestamp": "2020-10-15T23:25:06.323000", "type": "vio", "user": "john", "pose": [[0.837396001750708, 0.5244849301215704, 0.15389442591367575, 0.333], [-0.4414422156448542, 0.4829076141807347, 0.7562598802084064, 1.46], [0.32233012037116615, -0.7012244963217147, 0.6359146949551232, -0.123], [0.0, 0.0, 0.0, 1.0]]},
{"timestamp": "2020-10-15T23:25:06.332000", "type": "vio", "user": "elahe", "pose": [[-0.37644492344730107, 0.7999392137376955, -0.46731838604475395, 0.887], [0.015420514963618237, 0.5097647931567466, 0.8601756003143292, 1.991], [0.9263106537922431, 0.3166024478467867, -0.20423384315144785, 0.02], [0.0, 0.0, 0.0, 1.0]]},
{"timestamp": "2020-10-15T23:25:06.441000", "type": "vio", "user": "john", "pose": [[0.7835929732184476, 0.5917488731822375, 0.18924936832186684, 0.372], [-0.4796212531934006, 0.38255988188669193, 0.7896906927753627, 1.532], [0.3948993616199769, -0.7095640970753753, 0.5835865714131385, -0.115], [0.0, 0.0, 0.0, 1.0]]},
{"timestamp": "2020-10-15T23:25:06.460000", "type": "vio", "user": "elahe", "pose": [[-0.3692593665990426, 0.8014750707054558, -0.470409641925587, 0.944], [0.0032979223089454335, 0.5073103944514956, 0.8617570930313905, 1.986], [0.9293205280673178, 0.31666050388255407, -0.18997231744001292, 0.035], [0.0, 0.0, 0.0, 1.0]]},
{"timestamp": "2020-10-15T23:25:06.562000", "type": "vio", "user": "elahe", "pose": [[-0.3527511195458057, 0.8030708684237615, -0.48025392028414127, 1.016], [-0.04778594264207808, 0.4971163138385955, 0.8663670551223281, 1.983], [0.9344962018890118, 0.3285613349203351, -0.136982837795027, 0.05], [0.0, 0.0, 0.0, 1.0]]},
{"timestamp": "2020-10-15T23:25:06.586000", "type": "vio", "user": "john", "pose": [[0.7177697213051487, 0.6806017425177122, 0.1469281976319836, 0.428], [-0.46161321865857735, 0.3071662390692709, 0.8322031830843405, 1.619], [0.5212675546561457, -0.6651542450123081, 0.5346493867993386, -0.09], [0.0, 0.0, 0.0, 1.0]]},
{"timestamp": "2020-10-15T23:25:06.662000", "type": "vio", "user": "elahe", "pose": [[-0.30946518191656, 0.8283809436177683, -0.4669221706369132, 1.127], [-0.05720435183536793, 0.47391919220206175, 0.8787082914105462, 1.985], [0.9491885815329041, 0.29863960138180184, -0.09927449407613526, 0.055], [0.0, 0.0, 0.0, 1.0]]},
{"timestamp": "2020-10-15T23:25:06.704000", "type": "vio", "user": "john", "pose": [[0.6123929968295725, 0.7905165483888082, 0.007642261284448559, 0.52], [-0.4135250205472115, 0.31207835670359646, 0.8553386210493541, 1.733], [0.6737743500724281, -0.526963647703167, 0.5180129720227564, -0.04], [0.0, 0.0, 0.0, 1.0]]},
{"timestamp": "2020-10-15T23:25:06.789000", "type": "vio", "user": "elahe", "pose": [[-0.23068454653633408, 0.8351049403164774, -0.4993839991913428, 1.2], [-0.06378986115712076, 0.49914280309891956, 0.864168569046635, 1.994], [0.9709353704561811, 0.23120597045397911, -0.06187330299533522, 0.042], [0.0, 0.0, 0.0, 1.0]]},
{"timestamp": "2020-10-15T23:25:06.823000", "type": "vio", "user": "john", "pose": [[0.5657272676367302, 0.8191090241502611, -0.09493716452415435, 0.565], [-0.3819564991320624, 0.36234191138238053, 0.8501867865513683, 1.792], [0.7307953827324433, -0.4447119807373868, 0.517850714748538, -0.006], [0.0, 0.0, 0.0, 1.0]]},
{"timestamp": "2020-10-15T23:25:06.893000", "type": "vio", "user": "elahe", "pose": [[-0.12112718884974483, 0.8514212894333044, -0.5103038232475697, 1.286], [-0.12390194913406266, 0.49710020545629485, 0.858801311559367, 2.007], [0.9848738554363893, 0.16725182700059815, 0.04528040683147183, 0.021], [0.0, 0.0, 0.0, 1.0]]},
{"timestamp": "2020-10-15T23:25:06.980000", "type": "vio", "user": "john", "pose": [[0.45807114883812095, 0.8509578651348291, -0.2569854750123009, 0.646], [-0.38310605121148233, 0.44986259065616463, 0.8067548593304344, 1.895], [0.8021225443330147, -0.2710984346935591, 0.5320761811803203, 0.074], [0.0, 0.0, 0.0, 1.0]]},
{"timestamp": "2020-10-15T23:25:07.022000", "type": "vio", "user": "elahe", "pose": [[0.04779300274329612, 0.8641653063614244, -0.5009332811563278, 1.367], [-0.1800246806577105, 0.5007461245062117, 0.8466666599944153, 2.018], [0.9825003527952896, 0.04971561196721663, 0.1795032442154083, 0.008], [0.0, 0.0, 0.0, 1.0]]},
{"timestamp": "2020-10-15T23:25:07.100000", "type": "vio", "user": "john", "pose": [[0.3731848881912122, 0.829519719640652, -0.4154877542756299, 0.715], [-0.34059861320108575, 0.5390668353088801, 0.7703243029760682, 1.938], [0.8629748686440464, -0.1459588359687845, 0.48370486279489466, 0.144], [0.0, 0.0, 0.0, 1.0]]},
{"timestamp": "2020-10-15T23:25:07.150000", "type": "vio", "user": "elahe", "pose": [[0.16924224874821708, 0.8662337688317561, -0.47010224310694215, 1.424], [-0.19138125216298874, 0.4967882741499579, 0.8465073106522074, 2.019], [0.9668145000770174, -0.053296044906148865, 0.24985846801377104, 0.014], [0.0, 0.0, 0.0, 1.0]]},
{"timestamp": "2020-10-15T23:25:07.218000", "type": "vio", "user": "john", "pose": [[0.24104009135397064, 0.7967714130867363, -0.5541254277217703, 0.772], [-0.2878770001179922, 0.603962138498859, 0.7432069483414094, 1.951], [0.9268368287693013, -0.019622704901476495, 0.3749512532172877, 0.193], [0.0, 0.0, 0.0, 1.0]]},
{"timestamp": "2020-10-15T23:25:07.264000", "type": "vio", "user": "elahe", "pose": [[0.2975131900527603, 0.8447473789895159, -0.44484577938311753, 1.496], [-0.16456465825863303, 0.5043460173840696, 0.8476753907015628, 2.015], [0.9404277617110468, -0.17898871595486382, 0.28906515626062507, 0.047], [0.0, 0.0, 0.0, 1.0]]},
{"timestamp": "2020-10-15T23:25:07.335000", "type": "vio", "user": "john", "pose": [[0.14290058285329038, 0.7712028263433284, -0.6203431502485153, 0.817], [-0.2687506814292158, 0.6334616004009055, 0.7256028335452225, 1.958], [0.9525505207869669, 0.0630285765156236, 0.2977833170123742, 0.223], [0.0, 0.0, 0.0, 1.0]]},
{"timestamp": "2020-10-15T23:25:07.393000", "type": "vio", "user": "elahe", "pose": [[0.3574484776439603, 0.8413363592335987, -0.4054426179640813, 1.577], [-0.1334558102488363, 0.47568272875365725, 0.8694340045548605, 2.017], [0.9243484908522552, -0.25666918825022106, 0.2823132927478456, 0.082], [0.0, 0.0, 0.0, 1.0]]},
{"timestamp": "2020-10-15T23:25:07.455000", "type": "vio", "user": "john", "pose": [[0.03756459738664569, 0.6969337773805541, -0.7161509693976901, 0.901], [-0.23306886892784565, 0.7030023117750737, 0.6719126818088765, 1.972], [0.9717344304694949, 0.14167236704796804, 0.18884156601540852, 0.246], [0.0, 0.0, 0.0, 1.0]]},
{"timestamp": "2020-10-15T23:25:07.553000", "type": "vio", "user": "elahe", "pose": [[0.4162427149192649, 0.8269486183493456, -0.3780184980748271, 1.705], [-0.1146696479240461, 0.4601688867625968, 0.8803950633100165, 2.018], [0.9019938326405648, -0.3231107832706622, 0.28636785366483486, 0.156], [0.0, 0.0, 0.0, 1.0]]},
{"timestamp": "2020-10-15T23:25:07.575000", "type": "vio", "user": "john", "pose": [[0.009673579224312778, 0.6020027410141753, -0.7984354211058091, 0.976], [-0.15342076568330285, 0.7899122675389894, 0.5937176755399498, 1.984], [0.9881136020327521, 0.11675319868351303, 0.10000100037013682, 0.237], [0.0, 0.0, 0.0, 1.0]]},
{"timestamp": "2020-10-15T23:25:07.692000", "type": "vio", "user": "john", "pose": [[0.03301070341592832, 0.5076688804535096, -0.8609196253304172, 1.05], [-0.07782738065461117, 0.8600792000752382, 0.5041891196945655, 1.996], [0.9964201886154396, 0.050359481897840314, 0.06790235859344812, 0.21], [0.0, 0.0, 0.0, 1.0]]},
{"timestamp": "2020-10-15T23:25:07.686000", "type": "vio", "user": "elahe", "pose": [[0.34212460953870805, 0.8623365763833809, -0.37326449145261104, 1.856], [-0.08821349518243538, 0.4249569154783207, 0.9009051000271061, 1.984], [0.9355047465489874, -0.2752948401596752, 0.22145794220522735, 0.227], [0.0, 0.0, 0.0, 1.0]]},
{"timestamp": "2020-10-15T23:25:07.817000", "type": "vio", "user": "john", "pose": [[0.164386987322222, 0.5212633364742693, -0.8374135492376727, 1.166], [-0.004437322322051962, 0.8493451048412426, 0.5278192901484642, 2.018], [0.9863859430110172, -0.08305074912323873, 0.14193429642033317, 0.142], [0.0, 0.0, 0.0, 1.0]]},
{"timestamp": "2020-10-15T23:25:07.810000", "type": "vio", "user": "elahe", "pose": [[0.22633499396528084, 0.8929943215594593, -0.38901621067674924, 2.001], [-0.06165621516025527, 0.4117139603169679, 0.9092250139609173, 1.949], [0.9720961792121439, -0.18180417086161377, 0.148243926750719, 0.284], [0.0, 0.0, 0.0, 1.0]]},
{"timestamp": "2020-10-15T23:25:07.935000", "type": "vio", "user": "john", "pose": [[0.25639486610045725, 0.48555965707311705, -0.8357592309154387, 1.224], [-0.007926932965197142, 0.8656903054130027, 0.5005171913608035, 2.037], [0.9665396196592739, -0.12170503086141876, 0.22580754879305354, 0.096], [0.0, 0.0, 0.0, 1.0]]},
{"timestamp": "2020-10-15T23:25:07.939000", "type": "vio", "user": "elahe", "pose": [[0.10190105938575006, 0.9233451531328465, -0.3702025152293572, 2.117], [-0.04831630303048462, 0.37629425805529837, 0.9252395182957109, 1.938], [0.9936205055037505, -0.0763960701914248, 0.08295740775710553, 0.33], [0.0, 0.0, 0.0, 1.0]]},
{"timestamp": "2020-10-15T23:25:08.053000", "type": "vio", "user": "john", "pose": [[0.3132933612598496, 0.4694431376779242, -0.8255122108591799, 1.263], [-0.01040152856724788, 0.8709187683966924, 0.4913169110236827, 2.043], [0.9495994302830906, -0.14533973765455224, 0.27773599454254366, 0.063], [0.0, 0.0, 0.0, 1.0]]},
{"timestamp": "2020-10-15T23:25:08.059000", "type": "vio", "user": "elahe", "pose": [[-0.056798020940053484, 0.898403258452235, -0.4354831455058846, 2.243], [-0.01610235138309296, 0.43530622954096787, 0.900138434243734, 1.955], [0.9982558284814711, 0.058138384267472976, -0.010258127389490057, 0.389], [0.0, 0.0, 0.0, 1.0]]},
{"timestamp": "2020-10-15T23:25:08.180000", "type": "vio", "user": "john", "pose": [[0.42563681265359987, 0.40471771561981235, -0.8093434835578556, 1.332], [0.03519197576578931, 0.8863266801190122, 0.4617212805913435, 2.041], [0.9042095047917734, -0.22500797046480542, 0.36301044705562513, -0.014], [0.0, 0.0, 0.0, 1.0]]},
{"timestamp": "2020-10-15T23:25:08.186000", "type": "vio", "user": "elahe", "pose": [[-0.18646199874207398, 0.8836418651299571, -0.4294286637088412, 2.359], [-0.03745179034436974, 0.4303836073671653, 0.901868789741405, 1.961], [0.981748076863465, 0.18424712941936416, -0.04715621778315077, 0.452], [0.0, 0.0, 0.0, 1.0]]},
{"timestamp": "2020-10-15T23:25:08.301000", "type": "vio", "user": "john", "pose": [[0.5286909225843686, 0.37478883508983196, -0.7615899404987542, 1.41], [0.003682696029549598, 0.896218385274817, 0.4435978399917585, 2.035], [0.8488064244142143, -0.23733085553169553, 0.4724422915931112, -0.087], [0.0, 0.0, 0.0, 1.0]]},
{"timestamp": "2020-10-15T23:25:08.316000", "type": "vio", "user": "elahe", "pose": [[-0.2662532102234926, 0.8768464725308918, -0.4003117430900785, 2.449], [-0.057782522177679596, 0.40003661680711455, 0.9146758362088199, 1.942], [0.9621696358628613, 0.26666639987754376, -0.05584463268640305, 0.499], [0.0, 0.0, 0.0, 1.0]]},
{"timestamp": "2020-10-15T23:25:08.419000", "type": "vio", "user": "john", "pose": [[0.618912678946216, 0.37753164462033956, -0.6887793210817815, 1.464], [-0.039882370704265924, 0.8908859293804264, 0.4524728249729275, 2.033], [0.7844466153580024, -0.2525710160375406, 0.5664374541916687, -0.135], [0.0, 0.0, 0.0, 1.0]]},
{"timestamp": "2020-10-15T23:25:08.416000", "type": "vio", "user": "elahe", "pose": [[-0.251304287824347, 0.8915718555838121, -0.3767569259508527, 2.585], [-0.05303553803060296, 0.3759799034171992, 0.9251088281560169, 1.924], [0.9664540271667881, 0.2524653214943234, -0.04720036881069556, 0.543], [0.0, 0.0, 0.0, 1.0]]},
{"timestamp": "2020-10-15T23:25:08.516000", "type": "vio", "user": "elahe", "pose": [[-0.20653268242692813, 0.9262706385567969, -0.31522524524079737, 2.652], [-0.04376404842967835, 0.3131035945965961, 0.9487100964550419, 1.922], [0.9774604642411795, 0.20973517396534508, -0.024128772184759673, 0.554], [0.0, 0.0, 0.0, 1.0]]},
{"timestamp": "2020-10-15T23:25:08.543000", "type": "vio", "user": "john", "pose": [[0.7845505255803773, 0.38152028009631056, -0.4887972470122826, 1.545], [-0.1424749103709797, 0.8781265210946784, 0.4567217017669935, 2.049], [0.6034744176237589, -0.28867990720760256, 0.7432916913623312, -0.228], [0.0, 0.0, 0.0, 1.0]]},
{"timestamp": "2020-10-15T23:25:08.662000", "type": "vio", "user": "john", "pose": [[0.8742836014050657, 0.39164355703457204, -0.2867812904418562, 1.585], [-0.23608300480180683, 0.8592835764216796, 0.4537582507632425, 2.051], [0.4241379482644042, -0.3290092088760974, 0.8437179275781606, -0.313], [0.0, 0.0, 0.0, 1.0]]},
