{"timestamp": "2020-10-15T23:52:51.455000", "type": "vio", "user": "john", "pose": [[-0.9656916269755088, -0.06782008721212444, 0.250679311790851, 0.651], [0.2061985261811518, 0.386556682376325, 0.8989194063490508, 0.676], [-0.15786655564151547, 0.9197686486724522, -0.35931014949363105, 0.389], [0.0, 0.0, 0.0, 1.0]]},
{"timestamp": "2020-10-15T23:52:51.492000", "type": "vio", "user": "elahe", "pose": [[-0.8976425726294535, -0.4276874022319845, 0.10640158727778859, 9.336], [-0.11173915868279932, 0.45438825334472804, 0.8837678856120466, 1.33], [-0.4263240225697308, 0.7814184546031555, -0.45566767120959956, 3.236], [0.0, 0.0, 0.0, 1.0]]},
{"timestamp": "2020-10-15T23:52:51.574000", "type": "vio", "user": "john", "pose": [[-0.9676885368477033, -0.06896524148630333, 0.242533896848023, 0.648], [0.19761532525380154, 0.3899926828390583, 0.8993630471377108, 0.674], [-0.15661123484088174, 0.9182317260902773, -0.363762860010316, 0.388], [0.0, 0.0, 0.0, 1.0]]},
{"timestamp": "2020-10-15T23:52:51.590000", "type": "vio", "user": "elahe", "pose": [[-0.8969449238380732, -0.430184400453552, 0.1021331738835683, 9.335], [-0.11548175893355309, 0.45091220330644954, 0.8850661829846036, 1.331], [-0.42679475975546594, 0.7820611015232386, -0.45412186308251323, 3.236], [0.0, 0.0, 0.0, 1.0]]},
{"timestamp": "2020-10-15T23:52:51.691000", "type": "vio", "user": "john", "pose": [[-0.9670462796232435, -0.07496581885440981, 0.24331382835821644, 0.645], [0.1967615549250312, 0.3864312087591619, 0.9010859067815993, 0.672], [-0.1615746996603358, 0.9192665809766072, -0.3589464716768387, 0.387], [0.0, 0.0, 0.0, 1.0]]},
{"timestamp": "2020-10-15T23:52:51.716000", "type": "vio", "user": "elahe", "pose": [[-0.8936309612524219, -0.437993572245223, 0.0979047279907414, 9.333], [-0.11927056086311566, 0.44206768447786243, 0.889016701559526, 1.329], [-0.43266411730402404, 0.7827756977654902, -0.4472851088347119, 3.236], [0.0, 0.0, 0.0, 1.0]]},
{"timestamp": "2020-10-15T23:52:51.811000", "type": "vio", "user": "john", "pose": [[-0.9697703892946957, -0.08102543189441824, 0.23017443696800316, 0.64], [0.1830288782539511, 0.3823220147209927, 0.9057208768626134, 0.67], [-0.16138717970246158, 0.9204698563483781, -0.35593457514223215, 0.385], [0.0, 0.0, 0.0, 1.0]]},
{"timestamp": "2020-10-15T23:52:51.877000", "type": "vio", "user": "elahe", "pose": [[-0.8808305489069252, -0.4639884183858126, 0.09408661815665975, 9.328], [-0.1287374800791037, 0.42598624683315234, 0.8955235221544363, 1.328], [-0.45559214801750847, 0.7766920014477018, -0.4349543993937248, 3.236], [0.0, 0.0, 0.0, 1.0]]},
{"timestamp": "2020-10-15T23:52:51.931000", "type": "vio", "user": "john", "pose": [[-0.9703987539689215, -0.08997689717440835, 0.22412143197479112, 0.639], [0.17255848778593255, 0.39094625489984103, 0.904093244125196, 0.673], [-0.16896693933606405, 0.9160050129527976, -0.3638474813115359, 0.382], [0.0, 0.0, 0.0, 1.0]]},
{"timestamp": "2020-10-15T23:52:52.007000", "type": "vio", "user": "elahe", "pose": [[-0.8275980695111974, -0.5505453250849538, 0.1094590351156153, 9.303], [-0.1437026103200747, 0.39630823017858824, 0.9068017128787922, 1.322], [-0.5426149602881731, 0.7347377979387049, -0.4070987265414208, 3.233], [0.0, 0.0, 0.0, 1.0]]},
{"timestamp": "2020-10-15T23:52:52.047000", "type": "vio", "user": "john", "pose": [[-0.9627053331373616, -0.09612025480356315, 0.2529018350375897, 0.638], [0.1980336811835908, 0.3865477236755144, 0.9007571917215841, 0.673], [-0.18433963943156134, 0.9172468337027807, -0.3530965071994704, 0.382], [0.0, 0.0, 0.0, 1.0]]},
{"timestamp": "2020-10-15T23:52:52.127000", "type": "vio", "user": "elahe", "pose": [[-0.7742875521324666, -0.6170843433034852, 0.14030573709730823, 9.278], [-0.14290273174625878, 0.3864770206989276, 0.911160974653292, 1.32], [-0.616488114948025, 0.6854505275520524, -0.38742738468833565, 3.223], [0.0, 0.0, 0.0, 1.0]]},
{"timestamp": "2020-10-15T23:52:52.167000", "type": "vio", "user": "john", "pose": [[-0.958114429507053, -0.10849698425092152, 0.2650380055366214, 0.637], [0.2009859544973302, 0.40453027196228136, 0.8921658507031751, 0.68], [-0.20401320071302245, 0.9080658915929936, -0.3657799207997208, 0.377], [0.0, 0.0, 0.0, 1.0]]},
{"timestamp": "2020-10-15T23:52:52.255000", "type": "vio", "user": "elahe", "pose": [[-0.6371231249443325, -0.7459571653171371, 0.19396399452782476, 9.227], [-0.15907737603791694, 0.37349797895794506, 0.9138892975340185, 1.321], [-0.7541674297488985, 0.5514047218027356, -0.3566291080094112, 3.187], [0.0, 0.0, 0.0, 1.0]]},
{"timestamp": "2020-10-15T23:52:52.284000", "type": "vio", "user": "john", "pose": [[-0.9554290194384277, -0.11634655962431176, 0.27132796921532276, 0.636], [0.20235645184194054, 0.41110704435497586, 0.8888435545582003, 0.683], [-0.21495872909204006, 0.9041318909015998, -0.3692401232827122, 0.376], [0.0, 0.0, 0.0, 1.0]]},
{"timestamp": "2020-10-15T23:52:52.380000", "type": "vio", "user": "elahe", "pose": [[-0.5209954400989363, -0.8263968383619549, 0.21361651841906104, 9.193], [-0.17519377829942995, 0.3484690189664292, 0.9208020866971062, 1.32], [-0.8353866718120935, 0.44230940343377256, -0.32633035438459346, 3.15], [0.0, 0.0, 0.0, 1.0]]},
{"timestamp": "2020-10-15T23:52:52.400000", "type": "vio", "user": "john", "pose": [[-0.9573825204743671, -0.11571029632466226, 0.26463151137875895, 0.636], [0.19528212183535912, 0.4157373921789964, 0.8882720943695612, 0.685], [-0.21279944168542203, 0.9020939796211178, -0.37542356019529, 0.374], [0.0, 0.0, 0.0, 1.0]]},
{"timestamp": "2020-10-15T23:52:52.520000", "type": "vio", "user": "john", "pose": [[-0.9552400370565273, -0.13945419657167096, 0.2609003615612563, 0.63], [0.18252940811601975, 0.41620162592516263, 0.8907632804230687, 0.69], [-0.23280783229320276, 0.8985147375729576, -0.372117964612217, 0.373], [0.0, 0.0, 0.0, 1.0]]},
{"timestamp": "2020-10-15T23:52:52.544000", "type": "vio", "user": "elahe", "pose": [[-0.3273918736572537, -0.9095087658670032, 0.2561413006023692, 9.154], [-0.1844842206403633, 0.32739187365725375, 0.9267039081594026, 1.315], [-0.9267039081594026, 0.2561413006023692, -0.27497545477335994, 3.073], [0.0, 0.0, 0.0, 1.0]]},
{"timestamp": "2020-10-15T23:52:52.641000", "type": "vio", "user": "john", "pose": [[-0.9506860716011271, -0.1689865826662012, 0.26007600454946944, 0.621], [0.1689865826662012, 0.4209249587616798, 0.8912158627236597, 0.692], [-0.26007600454946944, 0.8912158627236597, -0.37161103036280696, 0.37], [0.0, 0.0, 0.0, 1.0]]},
{"timestamp": "2020-10-15T23:52:52.676000", "type": "vio", "user": "elahe", "pose": [[-0.05554095654702251, -0.9633054198069799, 0.2625983060043224, 9.13], [-0.16428780540931553, 0.268236631832211, 0.9492410791453884, 1.298], [-0.9848475613716228, 0.009580058131808733, -0.17315745247190073, 2.931], [0.0, 0.0, 0.0, 1.0]]},
{"timestamp": "2020-10-15T23:52:52.757000", "type": "vio", "user": "john", "pose": [[-0.9473929045547264, -0.18690895048914616, 0.2598301919069546, 0.613], [0.16379968367315292, 0.41430513635968, 0.8952770060794378, 0.691], [-0.27498426869174536, 0.8907391864137518, -0.3618941195419362, 0.367], [0.0, 0.0, 0.0, 1.0]]},
{"timestamp": "2020-10-15T23:52:52.806000", "type": "vio", "user": "elahe", "pose": [[0.13493360520962974, -0.9771453988435264, 0.1642552638549461, 9.123], [-0.09974461619962915, 0.1515340520063372, 0.9834065500197411, 1.264], [-0.9858214512396861, -0.14907816943290814, -0.07701795682964252, 2.825], [0.0, 0.0, 0.0, 1.0]]},
{"timestamp": "2020-10-15T23:52:52.875000", "type": "vio", "user": "john", "pose": [[-0.942685704117072, -0.21817222081149767, 0.2524768213509499, 0.599], [0.1493110887616793, 0.4008641632192779, 0.9038883345963207, 0.692], [-0.298412235047597, 0.8897802002251385, -0.34531338413274754, 0.36], [0.0, 0.0, 0.0, 1.0]]},
{"timestamp": "2020-10-15T23:52:52.907000", "type": "vio", "user": "elahe", "pose": [[0.35011746491804446, -0.9317263292438138, -0.09645624994374291, 9.136], [0.16828537224227474, -0.038731918953707256, 0.9849770920906954, 1.197], [-0.9214650260583093, -0.36108985841201824, 0.14323519086924025, 2.681], [0.0, 0.0, 0.0, 1.0]]},
{"timestamp": "2020-10-15T23:52:52.994000", "type": "vio", "user": "john", "pose": [[-0.9413459786250249, -0.22787157392629503, 0.24888208919656607, 0.594], [0.13898339704707346, 0.41026976043767216, 0.9013114550562811, 0.697], [-0.3074920549733764, 0.8830363919266115, -0.35453542370471514, 0.357], [0.0, 0.0, 0.0, 1.0]]},
{"timestamp": "2020-10-15T23:52:53.040000", "type": "vio", "user": "elahe", "pose": [[0.46076945167387584, -0.8657567088625326, -0.19533774203586785, 9.157], [0.2732655117587081, -0.0710105294545555, 0.9593140595184847, 1.18], [-0.8444036194187036, -0.49540168123059425, 0.20386196738600768, 2.59], [0.0, 0.0, 0.0, 1.0]]},
{"timestamp": "2020-10-15T23:52:53.111000", "type": "vio", "user": "john", "pose": [[-0.9428122093075539, -0.22472056056744175, 0.24618246817932493, 0.592], [0.13569560860194865, 0.4158344515573371, 0.899259923884166, 0.702], [-0.30445334582946587, 0.8812391154256966, -0.3615602047473978, 0.358], [0.0, 0.0, 0.0, 1.0]]},
{"timestamp": "2020-10-15T23:52:53.170000", "type": "vio", "user": "elahe", "pose": [[0.6219148104103049, -0.745208373132283, -0.24059602907332034, 9.169], [0.278883035595514, -0.07632496746904688, 0.9572871835545903, 1.179], [-0.7317419087693047, -0.6624492282087621, 0.16035834557724066, 2.492], [0.0, 0.0, 0.0, 1.0]]},
{"timestamp": "2020-10-15T23:52:53.231000", "type": "vio", "user": "john", "pose": [[-0.9430745458558947, -0.23954397309545147, 0.23071429498915771, 0.586], [0.10641959549286886, 0.43988677236310764, 0.8917255728053907, 0.715], [-0.31509565318143096, 0.8655162115486997, -0.3893538453547803, 0.36], [0.0, 0.0, 0.0, 1.0]]},
{"timestamp": "2020-10-15T23:52:53.298000", "type": "vio", "user": "elahe", "pose": [[0.6512172743209992, -0.723482130185085, -0.22910623939295208, 9.166], [0.26151158304631417, -0.0694682932972453, 0.9626971736527427, 1.177], [-0.7124098213518253, -0.6868389647721073, 0.1439600045576574, 2.445], [0.0, 0.0, 0.0, 1.0]]},
{"timestamp": "2020-10-15T23:52:53.351000", "type": "vio", "user": "john", "pose": [[-0.9377904398102823, -0.2684772662796134, 0.22015687246021243, 0.577], [0.07784486168771755, 0.45536167373245334, 0.8868967942237688, 0.727], [-0.338362628712535, 0.8488614160077036, -0.4061342486224709, 0.363], [0.0, 0.0, 0.0, 1.0]]},
{"timestamp": "2020-10-15T23:52:53.447000", "type": "vio", "user": "elahe", "pose": [[0.666806882639231, -0.7232746191437764, -0.1795617068513653, 9.142], [0.222893438192233, -0.03635656955128547, 0.9741646242095365, 1.177], [-0.711116795242382, -0.6896028024543457, 0.13697035581218514, 2.396], [0.0, 0.0, 0.0, 1.0]]},
{"timestamp": "2020-10-15T23:52:53.466000", "type": "vio", "user": "john", "pose": [[-0.9404596399773563, -0.2677585899946592, 0.2093824325432626, 0.575], [0.058162120208916396, 0.48014954602100773, 0.8752562945952598, 0.745], [-0.3348922712551985, 0.8353213459141893, -0.4359878618879686, 0.374], [0.0, 0.0, 0.0, 1.0]]},
{"timestamp": "2020-10-15T23:52:53.566000", "type": "vio", "user": "elahe", "pose": [[0.6348869809181805, -0.7589783407191877, -0.1444659121722015, 9.1], [0.1752153471018067, -0.040670059923976876, 0.9836897520894347, 1.172], [-0.7524746531283236, -0.6498444618098461, 0.10716376185297072, 2.344], [0.0, 0.0, 0.0, 1.0]]},
{"timestamp": "2020-10-15T23:52:53.588000", "type": "vio", "user": "john", "pose": [[-0.9569171325468843, -0.2370118267676338, 0.16773489622174065, 0.58], [0.015095019544446725, 0.5362886071641285, 0.8438996801817809, 0.785], [-0.28996851867608275, 0.8100740236535353, -0.5096060580277376, 0.421], [0.0, 0.0, 0.0, 1.0]]},
{"timestamp": "2020-10-15T23:52:53.684000", "type": "vio", "user": "elahe", "pose": [[0.5883667292778114, -0.8011386026712755, -0.10955150016702964, 9.055], [0.13745246653904392, -0.03441812642650388, 0.9899102040163148, 1.181], [-0.7968258349986298, -0.5974883529268209, 0.08986799650337762, 2.307], [0.0, 0.0, 0.0, 1.0]]},
{"timestamp": "2020-10-15T23:52:53.706000", "type": "vio", "user": "john", "pose": [[-0.9700733365269507, -0.2136450144062822, 0.1153842691999588, 0.583], [-0.029808652970114327, 0.5763902987365874, 0.8166306801305316, 0.808], [-0.24097544681476651, 0.7887521989457063, -0.5655093303303993, 0.481], [0.0, 0.0, 0.0, 1.0]]},
{"timestamp": "2020-10-15T23:52:53.805000", "type": "vio", "user": "elahe", "pose": [[0.5073891625615763, -0.861043734840339, -0.03405766297416918, 8.986], [0.08866995073891637, 0.012855892575829697, 0.995978095071391, 1.212], [-0.857142857142857, -0.5083683828861494, 0.08287164612037717, 2.257], [0.0, 0.0, 0.0, 1.0]]},
{"timestamp": "2020-10-15T23:52:53.821000", "type": "vio", "user": "john", "pose": [[-0.9763636490878679, -0.18756117287968171, 0.10740033132081434, 0.582], [-0.03027876337555324, 0.6107130395835395, 0.7912728857802983, 0.813], [-0.21400285331805696, 0.769318132966221, -0.6019571322453933, 0.529], [0.0, 0.0, 0.0, 1.0]]},
{"timestamp": "2020-10-15T23:52:53.929000", "type": "vio", "user": "elahe", "pose": [[0.4855417271237538, -0.8699769023136632, 0.08596173952640251, 8.928], [0.005686045222733471, 0.10147104201222484, 0.9948222436810902, 1.246], [-0.8741950011933306, -0.48253892803967247, 0.054215153000951644, 2.202], [0.0, 0.0, 0.0, 1.0]]},
{"timestamp": "2020-10-15T23:52:53.946000", "type": "vio", "user": "john", "pose": [[-0.9829529898217558, -0.15604909059296812, 0.09722191689932272, 0.569], [-0.028634180754265257, 0.6522709695212249, 0.757444827041794, 0.821], [-0.18161361042885318, 0.7417487874239829, -0.6456200375314011, 0.6], [0.0, 0.0, 0.0, 1.0]]},
{"timestamp": "2020-10-15T23:52:54.065000", "type": "vio", "user": "john", "pose": [[-0.9782758969095472, -0.20221742710030843, 0.04565502932593858, 0.544], [-0.09835468629798916, 0.646602182614115, 0.7564601596395455, 0.849], [-0.18249006879566076, 0.7355363550604375, -0.6524443617469317, 0.626], [0.0, 0.0, 0.0, 1.0]]},
{"timestamp": "2020-10-15T23:52:54.089000", "type": "vio", "user": "elahe", "pose": [[0.46987035318822257, -0.874221673728029, 0.12230419608066861, 8.881], [-0.0570854339760124, 0.1081684597822638, 0.9924922355041892, 1.262], [-0.8808876797994993, -0.4733244653432742, 0.0009198287657178894, 2.136], [0.0, 0.0, 0.0, 1.0]]},
{"timestamp": "2020-10-15T23:52:54.184000", "type": "vio", "user": "john", "pose": [[-0.9609352275646439, -0.27579037644398813, 0.02330572217652016, 0.512], [-0.15768246203424285, 0.6147199085203423, 0.7728231849754257, 0.885], [-0.22746368851336557, 0.7389581194693138, -0.634193320745551, 0.627], [0.0, 0.0, 0.0, 1.0]]},
{"timestamp": "2020-10-15T23:52:54.190000", "type": "vio", "user": "elahe", "pose": [[0.4469469274106456, -0.883723118158498, 0.13882324917103783, 8.827], [-0.09456523153388752, 0.10764146401759112, 0.9896821369556448, 1.257], [-0.8895481218366575, -0.4554632429256729, -0.03545945967586145, 2.048], [0.0, 0.0, 0.0, 1.0]]},
{"timestamp": "2020-10-15T23:52:54.303000", "type": "vio", "user": "john", "pose": [[-0.9188873302945745, -0.3932016848815575, 0.0322259093031417, 0.444], [-0.1962469093341359, 0.52641750709116, 0.8272676464148278, 0.959], [-0.3422473152574165, 0.7538415239519732, -0.5608829931143017, 0.599], [0.0, 0.0, 0.0, 1.0]]},
{"timestamp": "2020-10-15T23:52:54.325000", "type": "vio", "user": "elahe", "pose": [[0.3845025641641304, -0.9011031008077668, 0.20042699385521023, 8.791], [-0.11226496829560628, 0.16986111694709394, 0.979052489830383, 1.263], [-0.916271987482317, -0.3989491229017974, -0.035850276025315486, 1.972], [0.0, 0.0, 0.0, 1.0]]},
{"timestamp": "2020-10-15T23:52:54.419000", "type": "vio", "user": "john", "pose": [[-0.8747842676900492, -0.48021862207299, 0.06436272225677495, 0.374], [-0.18342295931733593, 0.4511870026657814, 0.8733763831365827, 1.019], [-0.448451226999386, 0.7522103187538621, -0.482774412498175, 0.569], [0.0, 0.0, 0.0, 1.0]]},
{"timestamp": "2020-10-15T23:52:54.459000", "type": "vio", "user": "elahe", "pose": [[0.2783200088774167, -0.9170311439371144, 0.2856428779225244, 8.732], [-0.11284516205784118, 0.26411414278444967, 0.9578672606271577, 1.303], [-0.9538364335978231, -0.29882704133097265, -0.029974277485251777, 1.841], [0.0, 0.0, 0.0, 1.0]]},
{"timestamp": "2020-10-15T23:52:54.535000", "type": "vio", "user": "john", "pose": [[-0.8423590671270731, -0.5265345080029782, 0.11485910460589771, 0.322], [-0.14383873111691886, 0.42506084062504684, 0.8936630803595967, 1.063], [-0.5193665578947895, 0.7362640108338788, -0.43378990870158346, 0.55], [0.0, 0.0, 0.0, 1.0]]},
{"timestamp": "2020-10-15T23:52:54.562000", "type": "vio", "user": "elahe", "pose": [[0.24399971604571669, -0.9090536423635796, 0.3377656197352226, 8.709], [-0.1527754031600912, 0.30791142626037216, 0.9390688099216027, 1.322], [-0.9576658158036557, -0.28073480169692683, -0.06375073613148291, 1.795], [0.0, 0.0, 0.0, 1.0]]},
{"timestamp": "2020-10-15T23:52:54.656000", "type": "vio", "user": "john", "pose": [[-0.7869123170249902, -0.589438834961167, 0.18256742632239611, 0.223], [-0.08336709025350197, 0.39470591471251615, 0.9150175786036138, 1.14], [-0.6114073385043934, 0.7048184877899969, -0.35973874644302084, 0.519], [0.0, 0.0, 0.0, 1.0]]},
{"timestamp": "2020-10-15T23:52:54.663000", "type": "vio", "user": "elahe", "pose": [[0.1867912074724481, -0.9234954097245833, 0.3350601036062163, 8.647], [-0.14626477588655318, 0.31111866712002717, 0.9390483429005739, 1.325], [-0.9714502870172209, -0.22441346480788826, -0.0769606176370583, 1.722], [0.0, 0.0, 0.0, 1.0]]},
{"timestamp": "2020-10-15T23:52:54.775000", "type": "vio", "user": "john", "pose": [[-0.7432368884984581, -0.6265005512943911, 0.23472534333333997, 0.143], [-0.04097187898337712, 0.39280976041205995, 0.9187065893186962, 1.184], [-0.6677725905633608, 0.6731994885268734, -0.31761960887113716, 0.498], [0.0, 0.0, 0.0, 1.0]]},
{"timestamp": "2020-10-15T23:52:54.796000", "type": "vio", "user": "elahe", "pose": [[0.09724468556488097, -0.9381252019200282, 0.33236211675203575, 8.589], [-0.13664247127109352, 0.3181979581446663, 0.9381252019200282, 1.307], [-0.9858358413926306, -0.13664247127109352, -0.09724468556488097, 1.676], [0.0, 0.0, 0.0, 1.0]]},
{"timestamp": "2020-10-15T23:52:54.895000", "type": "vio", "user": "john", "pose": [[-0.7068848411856087, -0.6520667927725522, 0.2740852405097985, 0.085], [-0.018605786399570334, 0.4045007997487219, 0.9143483623406878, 1.205], [-0.707083903093862, 0.6412394254613183, -0.2980676990544059, 0.488], [0.0, 0.0, 0.0, 1.0]]},
{"timestamp": "2020-10-15T23:52:54.896000", "type": "vio", "user": "elahe", "pose": [[0.01939981297288118, -0.9484275219906888, 0.31639987798230745, 8.477], [-0.11136614809147316, 0.3124403038440574, 0.9433867910847075, 1.283], [-0.9935900705602314, -0.05353776297563151, -0.09956143640827914, 1.618], [0.0, 0.0, 0.0, 1.0]]},
{"timestamp": "2020-10-15T23:52:55.015000", "type": "vio", "user": "john", "pose": [[-0.6071395000469995, -0.7181939452847661, 0.3399692404306341, -0.05], [-0.04255540422434084, 0.45662760721349915, 0.8886395590461735, 1.247], [-0.7934548916315174, 0.525060649150912, -0.3077996908043288, 0.475], [0.0, 0.0, 0.0, 1.0]]},
{"timestamp": "2020-10-15T23:52:55.031000", "type": "vio", "user": "elahe", "pose": [[-0.015973360389187896, -0.9494063521223436, 0.31364379526402464, 8.349], [-0.0865006894039907, 0.31381989846049774, 0.9455340829726219, 1.294], [-0.9961237285049037, -0.012027047850040162, -0.08713706231851853, 1.562], [0.0, 0.0, 0.0, 1.0]]},
{"timestamp": "2020-10-15T23:52:55.137000", "type": "vio", "user": "john", "pose": [[-0.5511877805426425, -0.7188612669125708, 0.42359238604267857, -0.146], [-0.036677574991398676, 0.528056264552212, 0.8484169593778255, 1.266], [-0.83357470335491, 0.4521007193093351, -0.31742424848576994, 0.484], [0.0, 0.0, 0.0, 1.0]]},
{"timestamp": "2020-10-15T23:52:55.135000", "type": "vio", "user": "elahe", "pose": [[0.00023412502276215497, -0.9473218698785153, 0.32028303113862805, 8.291], [-0.10935439524706192, 0.31833799248798866, 0.9416488404808168, 1.309], [-0.9940027974938619, -0.0352448207342721, -0.10351927929514365, 1.527], [0.0, 0.0, 0.0, 1.0]]},
{"timestamp": "2020-10-15T23:52:55.256000", "type": "vio", "user": "john", "pose": [[-0.5238790828159048, -0.7088026541429964, 0.472387027836085, -0.22], [-0.015091636368002204, 0.5622164815396589, 0.8268523873079777, 1.268], [-0.8516589394233481, 0.4260415770379812, -0.30523044660598264, 0.503], [0.0, 0.0, 0.0, 1.0]]},
{"timestamp": "2020-10-15T23:52:55.268000", "type": "vio", "user": "elahe", "pose": [[0.0018094179755525075, -0.9519839082828134, 0.30614271896808165, 8.154], [-0.13662756096658324, 0.30303700154735747, 0.9431338639225662, 1.314], [-0.9906208334125184, -0.04353405636702096, -0.1295189188702589, 1.444], [0.0, 0.0, 0.0, 1.0]]},
{"timestamp": "2020-10-15T23:52:55.375000", "type": "vio", "user": "john", "pose": [[-0.5392368423419867, -0.6637714505032979, 0.5182963335368981, -0.358], [0.03696548029437252, 0.5961923076538655, 0.801990202908343, 1.266], [-0.8413424874138057, 0.45162173750950774, -0.2969522269343059, 0.568], [0.0, 0.0, 0.0, 1.0]]},
{"timestamp": "2020-10-15T23:52:55.393000", "type": "vio", "user": "elahe", "pose": [[-0.02363315202714189, -0.9500591128866093, 0.31117383589622527, 8.062], [-0.15975882742437852, 0.31084976524882413, 0.9369362521029585, 1.3], [-0.9868731383441589, -0.02757001026223721, -0.15912668961833676, 1.393], [0.0, 0.0, 0.0, 1.0]]},
{"timestamp": "2020-10-15T23:52:55.496000", "type": "vio", "user": "john", "pose": [[-0.6175091151640729, -0.6234952229140124, 0.4795166312993634, -0.442], [0.05641301543427779, 0.5729583132496384, 0.8176407175329155, 1.279], [-0.7845381216861903, 0.5319515751283523, -0.3186337354072374, 0.64], [0.0, 0.0, 0.0, 1.0]]},
{"timestamp": "2020-10-15T23:52:55.495000", "type": "vio", "user": "elahe", "pose": [[-0.1365526236038834, -0.9495022638916532, 0.2824868702285495, 7.943], [-0.1514241963859747, 0.30181321368596764, 0.9412648388171152, 1.299], [-0.9789913655062326, 0.08575683593261635, -0.18499100344359568, 1.323], [0.0, 0.0, 0.0, 1.0]]},
{"timestamp": "2020-10-15T23:52:55.616000", "type": "vio", "user": "john", "pose": [[-0.7003230290726165, -0.5669910291926273, 0.4336690302127191, -0.489], [0.04272784550609554, 0.5731415827424468, 0.8183416507485674, 1.304], [-0.7125461291516235, 0.5916332469922293, -0.37715794421497917, 0.705], [0.0, 0.0, 0.0, 1.0]]},
{"timestamp": "2020-10-15T23:52:55.630000", "type": "vio", "user": "elahe", "pose": [[-0.1826402061433026, -0.9318805176780683, 0.31343461179644455, 7.857], [-0.15504744115726632, 0.342107289309566, 0.9267809307446099, 1.324], [-0.9708773589339266, 0.12067022571171748, -0.20696823557291869, 1.266], [0.0, 0.0, 0.0, 1.0]]},
{"timestamp": "2020-10-15T23:52:55.731000", "type": "vio", "user": "elahe", "pose": [[-0.19632865996088583, -0.9334907241143018, 0.3000835304886284, 7.745], [-0.13585958874989373, 0.32898507955403733, 0.9345110965502408, 1.338], [-0.9710804443621921, 0.14270208626148556, -0.1914128656959791, 1.201], [0.0, 0.0, 0.0, 1.0]]},
{"timestamp": "2020-10-15T23:52:55.740000", "type": "vio", "user": "john", "pose": [[-0.7949155423988159, -0.4891520236821314, 0.35894230480743267, -0.534], [0.011421027892510344, 0.5794421497934814, 0.8149333440009601, 1.333], [-0.606612595133562, 0.6519026712404117, -0.4550209518856698, 0.815], [0.0, 0.0, 0.0, 1.0]]},
{"timestamp": "2020-10-15T23:52:55.859000", "type": "vio", "user": "john", "pose": [[-0.8605186478438337, -0.42757749019560787, 0.2769208309084837, -0.566], [-0.008107497335165248, 0.555027588289526, 0.8317924288694101, 1.328], [-0.5093544200259584, 0.7135277612788007, -0.48107817315326445, 0.915], [0.0, 0.0, 0.0, 1.0]]},
{"timestamp": "2020-10-15T23:52:55.899000", "type": "vio", "user": "elahe", "pose": [[-0.2534882348646462, -0.9305053402422938, 0.26439275059233236, 7.624], [-0.13735509235783777, 0.30517341910525564, 0.9423389851189317, 1.315], [-0.9575370976565744, 0.20255615530558752, -0.20516751828504168, 1.144], [0.0, 0.0, 0.0, 1.0]]},
{"timestamp": "2020-10-15T23:52:55.979000", "type": "vio", "user": "john", "pose": [[-0.9047586683204883, -0.346137123929672, 0.24819517226697163, -0.584], [0.024821316307366947, 0.5388816314863106, 0.8420157299619896, 1.311], [-0.42520072243083795, 0.7679815614221134, -0.47896624824714584, 0.995], [0.0, 0.0, 0.0, 1.0]]},
{"timestamp": "2020-10-15T23:52:55.999000", "type": "vio", "user": "elahe", "pose": [[-0.23841224631538704, -0.9336274285119539, 0.26739376495537037, 7.474], [-0.12789337315093835, 0.3031185230924429, 0.9443317457664608, 1.291], [-0.9627060225795445, 0.19094236221544142, -0.19167192908890207, 1.084], [0.0, 0.0, 0.0, 1.0]]},
{"timestamp": "2020-10-15T23:52:56.100000", "type": "vio", "user": "john", "pose": [[-0.9712173963472311, -0.17688912708300422, 0.15952117650117287, -0.618], [0.024687086923743023, 0.5913502206739604, 0.8060368876472578, 1.311], [-0.23691204437876334, 0.7867751605310574, -0.5699627443961613, 1.148], [0.0, 0.0, 0.0, 1.0]]},
{"timestamp": "2020-10-15T23:52:56.101000", "type": "vio", "user": "elahe", "pose": [[-0.26595069870308646, -0.9194730832739799, 0.2895504705469852, 7.358], [-0.102410523150752, 0.325616915517312, 0.9399392049898656, 1.304], [-0.958531330008221, 0.22032447313821524, -0.1807617656724963, 1.048], [0.0, 0.0, 0.0, 1.0]]},
{"timestamp": "2020-10-15T23:52:56.218000", "type": "vio", "user": "john", "pose": [[-0.9963938218684085, -0.08008437096005988, 0.02803293189086207, -0.624], [-0.022637673154585373, 0.5693198692009973, 0.821804369839383, 1.337], [-0.08177339112824145, 0.8182061965427118, -0.5690797241533887, 1.249], [0.0, 0.0, 0.0, 1.0]]},
{"timestamp": "2020-10-15T23:52:56.230000", "type": "vio", "user": "elahe", "pose": [[-0.21487914916854106, -0.9280095692535721, 0.3043438690468452, 7.215], [-0.1478113632885909, 0.3389354005374704, 0.9291257154687262, 1.335], [-0.9653904661510657, 0.15466426101819336, -0.2100005100668188, 0.986], [0.0, 0.0, 0.0, 1.0]]},
{"timestamp": "2020-10-15T23:52:56.330000", "type": "vio", "user": "elahe", "pose": [[-0.19555266317381595, -0.9286184845185935, 0.31532025963458027, 7.11], [-0.1583439048553027, 0.347206768973008, 0.924323897437743, 1.338], [-0.9678255853824091, 0.13082495858862447, -0.21493828530413497, 0.945], [0.0, 0.0, 0.0, 1.0]]},
{"timestamp": "2020-10-15T23:52:56.342000", "type": "vio", "user": "john", "pose": [[-0.9993498537170862, -0.003750843939886476, -0.03585806806531469, -0.621], [-0.03165712285264184, 0.5672526318421645, 0.8229351604110924, 1.354], [0.01725388212347778, 0.8235352954414743, -0.5670025755795054, 1.32], [0.0, 0.0, 0.0, 1.0]]},
{"timestamp": "2020-10-15T23:52:56.432000", "type": "vio", "user": "elahe", "pose": [[-0.18493336959477835, -0.9265065830520404, 0.32769681165912107, 7.034], [-0.1762306227903182, 0.3593082596106161, 0.9164280343630515, 1.331], [-0.9668207778079956, 0.11172791118079001, -0.22972691932361744, 0.914], [0.0, 0.0, 0.0, 1.0]]},
{"timestamp": "2020-10-15T23:52:56.462000", "type": "vio", "user": "john", "pose": [[-0.9913367946140073, 0.11850384642317657, -0.05664095715414704, -0.625], [0.018826965977411653, 0.5549933475385893, 0.8316417074317497, 1.335], [0.12998809559537028, 0.8233706471394415, -0.5524163940658045, 1.463], [0.0, 0.0, 0.0, 1.0]]},
{"timestamp": "2020-10-15T23:52:56.533000", "type": "vio", "user": "elahe", "pose": [[-0.15526653580864763, -0.936144283452454, 0.3154777066882433, 6.871], [-0.17183755625146713, 0.34007601752098976, 0.9245648471408521, 1.307], [-0.9728124984391935, 0.08934306277688714, -0.21366717111933548, 0.838], [0.0, 0.0, 0.0, 1.0]]},
{"timestamp": "2020-10-15T23:52:56.583000", "type": "vio", "user": "john", "pose": [[-0.98607591266854, 0.15973111555652858, -0.04626300009697274, -0.644], [0.051649486494295085, 0.5586120300195644, 0.8278193827534462, 1.308], [0.15807158188549017, 0.8139032931746178, -0.5590838974248235, 1.591], [0.0, 0.0, 0.0, 1.0]]},
{"timestamp": "2020-10-15T23:52:56.696000", "type": "vio", "user": "elahe", "pose": [[-0.1626339736906233, -0.9261252192115177, 0.3403560913837391, 6.719], [-0.16969268442729368, 0.3660622620631251, 0.914987875955243, 1.329], [-0.9719848679138254, 0.09105217533725624, -0.21669083486132248, 0.758], [0.0, 0.0, 0.0, 1.0]]},
{"timestamp": "2020-10-15T23:52:56.701000", "type": "vio", "user": "john", "pose": [[-0.9866936702375688, 0.1618993489924693, -0.014973373331705647, -0.67], [0.07706624346841123, 0.5467862882164236, 0.8337179074100387, 1.303], [0.14316562167917116, 0.8214702403704719, -0.5519875442026709, 1.708], [0.0, 0.0, 0.0, 1.0]]},
{"timestamp": "2020-10-15T23:52:56.824000", "type": "vio", "user": "john", "pose": [[-0.9936537470802136, 0.10316862486182596, 0.04481590964792502, -0.731], [0.09133242301016861, 0.5074551465770347, 0.8568241725812663, 1.313], [0.06565530763421015, 0.8554796952918285, -0.5136573483586673, 1.893], [0.0, 0.0, 0.0, 1.0]]},
{"timestamp": "2020-10-15T23:52:56.827000", "type": "vio", "user": "elahe", "pose": [[-0.11054986433578429, -0.9443826629318246, 0.309709724498821, 6.548], [-0.13320049753528362, 0.32288682270214364, 0.9370174636481796, 1.337], [-0.9849042364370726, 0.062333664091808405, -0.16148733501174944, 0.66], [0.0, 0.0, 0.0, 1.0]]},
{"timestamp": "2020-10-15T23:52:56.946000", "type": "vio", "user": "john", "pose": [[-0.9983096771483353, 0.01958774125858038, 0.05471845122418381, -0.789], [0.05698688449493852, 0.5148113289638321, 0.8554073828101166, 1.316], [-0.011414180108400711, 0.8570797022231246, -0.515057375958808, 2.039], [0.0, 0.0, 0.0, 1.0]]},
{"timestamp": "2020-10-15T23:52:56.957000", "type": "vio", "user": "elahe", "pose": [[-0.08953657831537404, -0.9430932854818013, 0.32024717957027654, 6.443], [-0.14156411695218551, 0.33032460823058374, 0.9331908990066606, 1.325], [-0.9858715950544081, 0.038219210829809946, -0.1630843033170994, 0.592], [0.0, 0.0, 0.0, 1.0]]},
{"timestamp": "2020-10-15T23:52:57.088000", "type": "vio", "user": "elahe", "pose": [[0.0021383806317525345, -0.9391951767414597, 0.34337712112756064, 6.24], [-0.11394428208221047, 0.3409126824574774, 0.9331641032103712, 1.304], [-0.9934848403015735, -0.041121319594887906, -0.10628691907159449, 0.468], [0.0, 0.0, 0.0, 1.0]]},
{"timestamp": "2020-10-15T23:52:57.099000", "type": "vio", "user": "john", "pose": [[-0.999015065698914, -0.043960434809536084, 0.00603147394519131, -0.848], [-0.01954685030796678, 0.5580302113113612, 0.8295903832053719, 1.308], [-0.03983489863967188, 0.8286553948627586, -0.5583398762538935, 2.206], [0.0, 0.0, 0.0, 1.0]]},
{"timestamp": "2020-10-15T23:52:57.219000", "type": "vio", "user": "john", "pose": [[-0.9980478457798165, -0.012584994214542948, -0.061172832653779645, -0.891], [-0.05790057414535748, 0.5535967341419972, 0.8307696308008332, 1.328], [0.023409849378100873, 0.8326897824928168, -0.5532447063318002, 2.393], [0.0, 0.0, 0.0, 1.0]]},
{"timestamp": "2020-10-15T23:52:57.218000", "type": "vio", "user": "elahe", "pose": [[0.05552448461988696, -0.9296561798090056, 0.3642202890430763, 6.123], [-0.1210639266436887, 0.355823132450563, 0.9266787059594501, 1.325], [-0.9910905898419717, -0.09554729591147632, -0.09279093151109796, 0.392], [0.0, 0.0, 0.0, 1.0]]},
{"timestamp": "2020-10-15T23:52:57.343000", "type": "vio", "user": "john", "pose": [[-0.9938324300225712, 0.0070432249693620705, -0.11066839665171921, -0.91], [-0.08533237904265717, 0.5887760222472345, 0.803779310951485, 1.353], [0.07082009688182855, 0.8082655433759098, -0.5845436897862242, 2.484], [0.0, 0.0, 0.0, 1.0]]},
{"timestamp": "2020-10-15T23:52:57.345000", "type": "vio", "user": "elahe", "pose": [[0.16520175569305162, -0.9260230792231988, 0.3393959879873633, 5.985], [-0.14822585597036653, 0.3169037959011827, 0.9368036505934814, 1.343], [-0.9750576780569369, -0.20506886865003837, -0.08490750009750525, 0.279], [0.0, 0.0, 0.0, 1.0]]},
{"timestamp": "2020-10-15T23:52:57.463000", "type": "vio", "user": "john", "pose": [[-0.9879393707828307, 0.05201333890788192, -0.14584379394708047, -0.919], [-0.08754108395630247, 0.5892924657575352, 0.8031630895535227, 1.364], [0.12771984292575783, 0.8062437611399285, -0.5776319237593796, 2.659], [0.0, 0.0, 0.0, 1.0]]},
{"timestamp": "2020-10-15T23:52:57.473000", "type": "vio", "user": "elahe", "pose": [[0.2134831236209374, -0.9070802780449754, 0.36280893747384235, 5.886], [-0.18068728131027562, 0.3283030326639918, 0.9271295622060208, 1.335], [-0.9600922155198164, -0.26348147548827183, -0.09381071246277978, 0.193], [0.0, 0.0, 0.0, 1.0]]},
{"timestamp": "2020-10-15T23:52:57.585000", "type": "vio", "user": "john", "pose": [[-0.9837505037343842, 0.08900724077553594, -0.15592516631984407, -0.924], [-0.07118779317841147, 0.6039122787193597, 0.7938653901729047, 1.342], [0.16482489042839668, 0.7920654459711749, -0.5877627793538399, 2.819], [0.0, 0.0, 0.0, 1.0]]},
{"timestamp": "2020-10-15T23:52:57.605000", "type": "vio", "user": "elahe", "pose": [[0.18346552330104757, -0.9204266793766627, 0.34518854217879635, 5.735], [-0.17967154940126512, 0.31383643957227925, 0.9323222745018718, 1.306], [-0.9664670382871943, -0.2330695541855372, -0.1077963209768007, 0.053], [0.0, 0.0, 0.0, 1.0]]},
{"timestamp": "2020-10-15T23:52:57.732000", "type": "vio", "user": "elahe", "pose": [[0.09450538015276944, -0.9374093218626115, 0.335160403996742, 5.656], [-0.16946330549702127, 0.31660553084107274, 0.9332969119904264, 1.32], [-0.9809948629897121, -0.14499896939606605, -0.12893555623595426, -0.021], [0.0, 0.0, 0.0, 1.0]]},
{"timestamp": "2020-10-15T23:52:57.734000", "type": "vio", "user": "john", "pose": [[-0.9851394476481456, 0.08705180398147629, -0.14806164969727023, -0.939], [-0.06564876948547936, 0.6057474665877518, 0.7929440369834198, 1.334], [0.15871517807868576, 0.7908805157203529, -0.5910308808356461, 2.972], [0.0, 0.0, 0.0, 1.0]]},
{"timestamp": "2020-10-15T23:52:57.853000", "type": "vio", "user": "john", "pose": [[-0.9923048442456447, 0.05675802787867872, -0.11004372929863009, -0.969], [-0.053179630352336076, 0.6072368486886214, 0.7927391352205979, 1.355], [0.1118169173346142, 0.7924909689491961, -0.5995456956160626, 3.165], [0.0, 0.0, 0.0, 1.0]]},
{"timestamp": "2020-10-15T23:52:57.861000", "type": "vio", "user": "elahe", "pose": [[0.07432285763730168, -0.9487665540638544, 0.30711258313918766, 5.53], [-0.15168669142794822, 0.2936252537064397, 0.9438089626770192, 1.34], [-0.9856303873543406, -0.11673147080212759, -0.12209219159350132, -0.133], [0.0, 0.0, 0.0, 1.0]]},
{"timestamp": "2020-10-15T23:52:57.976000", "type": "vio", "user": "john", "pose": [[-0.9962944076151622, 0.03565607783143853, -0.07826939036705961, -0.993], [-0.04276729559748426, 0.5841657417684055, 0.8105068442471328, 1.359], [0.07462179160292366, 0.8108508064112947, -0.5804761476237613, 3.276], [0.0, 0.0, 0.0, 1.0]]},
{"timestamp": "2020-10-15T23:52:57.988000", "type": "vio", "user": "elahe", "pose": [[0.029611639803069356, -0.9479665753764471, 0.31698978336410794, 5.448], [-0.15425779851201604, 0.30899572089599114, 0.9384701252923255, 1.327], [-0.9875867973937276, -0.0766877854486459, -0.13708136699268403, -0.201], [0.0, 0.0, 0.0, 1.0]]},
{"timestamp": "2020-10-15T23:52:58.094000", "type": "vio", "user": "john", "pose": [[-0.997782432179551, -0.0067687855313706795, -0.0662148138734085, -1.043], [-0.05742860202162929, 0.5904544512970671, 0.8050251527830177, 1.345], [0.03364778898681368, 0.8070425791034261, -0.5895338003968806, 3.473], [0.0, 0.0, 0.0, 1.0]]},
{"timestamp": "2020-10-15T23:52:58.120000", "type": "vio", "user": "elahe", "pose": [[0.025343881191487727, -0.9364476535018588, 0.3498906685480683, 5.32], [-0.13536284531976317, 0.3435649558921396, 0.9293223451471345, 1.304], [-0.990471901566667, -0.0709148315495044, -0.11805294944733824, -0.306], [0.0, 0.0, 0.0, 1.0]]},
{"timestamp": "2020-10-15T23:52:58.213000", "type": "vio", "user": "john", "pose": [[-0.9944243456905671, -0.020066755861136612, -0.10352558141395234, -1.079], [-0.09448614185920473, 0.6054784603354592, 0.7902330055536557, 1.335], [0.046825096843995676, 0.7956086722623197, -0.6039985520897705, 3.625], [0.0, 0.0, 0.0, 1.0]]},
{"timestamp": "2020-10-15T23:52:58.246000", "type": "vio", "user": "elahe", "pose": [[0.009258056327837438, -0.9219201272782875, 0.3872693730624938, 5.177], [-0.11587760657657792, 0.3836876725142458, 0.9161638228257459, 1.323], [-0.9932203525336734, -0.05335774432814122, -0.1032776957193482, -0.399], [0.0, 0.0, 0.0, 1.0]]},
{"timestamp": "2020-10-15T23:52:58.365000", "type": "vio", "user": "john", "pose": [[-0.9908818387458876, 0.003046717332003221, -0.1346992915982371, -1.109], [-0.11162500587252763, 0.5413031113901047, 0.8333851448540162, 1.345], [0.07545223460922948, 0.8408220139321343, -0.5360273324930201, 3.787], [0.0, 0.0, 0.0, 1.0]]},
{"timestamp": "2020-10-15T23:52:58.407000", "type": "vio", "user": "elahe", "pose": [[0.036618085707005255, -0.9039455999840117, 0.42607683352735726, 5.047], [-0.15209021369293574, 0.41635497909036845, 0.8963911525029102, 1.357], [-0.9876880492837763, -0.09762624471013792, -0.12223515715948785, -0.489], [0.0, 0.0, 0.0, 1.0]]},
{"timestamp": "2020-10-15T23:52:58.463000", "type": "vio", "user": "john", "pose": [[-0.9824762102854765, 0.03379959440486714, -0.18329780042639487, -1.13], [-0.13529837641948295, 0.5470734351187785, 0.8260780870629552, 1.372], [0.12819846161846055, 0.8364019631764419, -0.5329136050367393, 3.955], [0.0, 0.0, 0.0, 1.0]]},
{"timestamp": "2020-10-15T23:52:58.536000", "type": "vio", "user": "elahe", "pose": [[0.0040681660259644925, -0.9018551197004616, 0.4320194360156168, 4.885], [-0.1755720077384138, 0.4246679430716704, 0.8881619268050052, 1.339], [-0.9844581860718553, -0.07946370993946233, -0.15661289435665704, -0.576], [0.0, 0.0, 0.0, 1.0]]},
{"timestamp": "2020-10-15T23:52:58.582000", "type": "vio", "user": "john", "pose": [[-0.9803326580125561, 0.0645746729696606, -0.18648858207648636, -1.136], [-0.11739976488832196, 0.5687531577499315, 0.8140866911783098, 1.378], [0.15863535179210128, 0.8199694855056152, -0.5499862434656463, 4.084], [0.0, 0.0, 0.0, 1.0]]},
{"timestamp": "2020-10-15T23:52:58.637000", "type": "vio", "user": "elahe", "pose": [[-0.04053053208129892, -0.920415190328884, 0.3888356380028085, 4.822], [-0.16354940754918768, 0.3900180408893508, 0.9061663859750826, 1.319], [-0.9857022203787088, -0.026866432451611966, -0.16634099779611294, -0.605], [0.0, 0.0, 0.0, 1.0]]},
{"timestamp": "2020-10-15T23:52:58.702000", "type": "vio", "user": "john", "pose": [[-0.9839155496353897, 0.09814674810894705, -0.14925617917301684, -1.155], [-0.05885364790214126, 0.6107851019828556, 0.7896061089710512, 1.364], [0.16866072250022998, 0.785689999319981, -0.5951846651706247, 4.287], [0.0, 0.0, 0.0, 1.0]]},
{"timestamp": "2020-10-15T23:52:58.768000", "type": "vio", "user": "elahe", "pose": [[-0.3164909067094076, -0.9002122717678549, 0.29908422179850075, 4.689], [-0.14746438723649752, 0.35814936613430415, 0.9219453812642919, 1.321], [-0.937063370571714, 0.24768305815326558, -0.24610026866426762, -0.647], [0.0, 0.0, 0.0, 1.0]]},
{"timestamp": "2020-10-15T23:52:58.822000", "type": "vio", "user": "john", "pose": [[-0.9888222538218986, 0.0943593910580032, -0.11544200130690567, -1.17], [-0.03742393478680725, 0.5924035356502056, 0.8047717067928075, 1.36], [0.14432601793042577, 0.8000964668515282, -0.5822504995962202, 4.406], [0.0, 0.0, 0.0, 1.0]]},
{"timestamp": "2020-10-15T23:52:58.906000", "type": "vio", "user": "elahe", "pose": [[-0.3797958838612987, -0.8883824281236464, 0.2579374885571104, 4.613], [-0.1525478500373677, 0.33515885982297666, 0.9297299027842116, 1.338], [-0.9124057431050026, 0.31375978085678363, -0.26281278482165105, -0.67], [0.0, 0.0, 0.0, 1.0]]},
{"timestamp": "2020-10-15T23:52:58.942000", "type": "vio", "user": "john", "pose": [[-0.9972468011808566, 0.0505113012113475, -0.05429020155134857, -1.215], [-0.019020465044671996, 0.5333957818274884, 0.8456519152926499, 1.369], [0.07167314311535344, 0.8443562923189353, -0.5309664887517733, 4.612], [0.0, 0.0, 0.0, 1.0]]},
